10001656
10002975
10004279
10005357
10006819
10007099
10007233
10007905
10008192
10009480
10009929
10011249
10012024
10013684
10015110
10016048
10016499
10018065
10018596
10018950
10020332
10022124
10023315
10024403
10025589
10027160
10027715
10027824
10027859
10028589
10030186
10031306
10032731
10033904
10034933
10036026
10036755
10037360
10039353
10040341
10040800
10042751
10043067
10043324
10044441
10046188
10047927
10048296
10050050
10050167
10050967
10052158
10053334
10054680
10055331
10056064
10056118
10057976
10058527
10058683
10059264
10060094
10061582
10062909
10063809
10065500
10065723
10066927
10067462
10068343
10068436
10069797
10070316
10071881
10072720
10073546
10074054
10075543
10076587
10077996
10078421
10078906
10079548
10079996
10081291
10082698
10083466
10084891
10086561
10087441
10088102
10089421
10090968
10091672
10092017
10093633
10094023
10095597
10095829
10097565
10098497
10099639
10100251
10101792
10102577
10103765
10103826
10104954
10106054
10107300
10108132
10109168
10110618
10110809
10111128
10112139
10113713
10115330
10116234
10118076
10118464
10119758
10120649
10122516
10124171
10124812
10125050
10126055
10126999
10127323
10127441
10129226
10131151
10132586
10134372
10134643
10135150
10135583
10137458
10138339
10139980
10140117
10140606
10142354
10144052
10145827
10146534
10146670
10146727
10147068
10147741
10148815
10150395
10150540
10151116
10152816
10152935
10154659
10155289
10156042
10158041
10159484
10161395
10161525
10163176
10163262
10165233
10166108
10167302
10169052
10170637
10171272
10172191
10174122
10174384
10174752
10176673
10178565
10178760
10179504
10180511
10180825
10182802
10184289
10185437
10186618
10187502
10187636
10189265
10190693
10190754
10192641
10193748
10194446
10195466
10196344
10196770
10197278
10198982
10199904
10200418
10201752
10202543
10203530
10204694
10206404
10207558
10208561
10210361
10211550
10211835
10212559
10213216
10214458
10215193
10216870
10218374
10218375
10219390
10220946
10221552
10223256
10223513
10224133
10225204
10227101
10227301
10228750
10229651
10230566
10232077
10232548
10232782
10232919
10234651
10236505
10236606
10237591
10238911
10239315
10240247
10240460
10241718
10243190
10243544
10244631
10246297
10246417
10247611
10248823
10250097
10250650
10251582
10252491
10253001
10254298
10254795
10255201
10256998
10257601
10257645
10258654
10259615
10259628
10261513
10263378
10263390
10264508
10265474
10266221
10268092
10268566
10270108
10270892
10271812
10272937
10273761
10274429
10275203
10275952
10277363
10279030
10279911
10281167
10282348
10283166
10283859
10285768
10286461
10288116
10290102
10291027
10291749
10293357
10294075
10295936
10297494
10298872
10300312
10301958
10303148
10304023
10305750
10307471
10308227
10309276
10310820
10312146
10313083
10313623
10314672
10315175
10317003
10318337
10318744
10319734
10321382
10321578
10322002
10322861
10323744
10324791
10325104
10325285
10325762
10326731
10328276
10329290
10330971
10331664
10333256
10334547
10335221
10336078
10336419
10337411
10337614
10338575
10340170
10341531
10341911
10342737
10344291
10345154
10345634
10346097
10347940
10349819
10350895
10351616
10352767
10354287
10354772
10356315
10358062
10358344
10358767
10360690
10362614
10362994
10363188
10364127
10365157
10366973
10368473
10369000
10370150
10370194
10371528
10371823
10373169
10374459
10374565
10374847
10375638
10377484
10377584
10379146
10380334
10380649
10382329
10383636
10385137
10386482
10388398
10388840
10390403
10391397
10392515
10393755
10394602
10396288
10396657
10396917
10398334
10399394
10400337
10400660
10402144
10402278
10402594
10404248
10405228
10405720
10407660
10408347
10410155
10411129
10411346
10413109
10413920
10415535
10417229
10417974
10418954
10419654
10420848
10421664
10422902
10424168
10425703
10426449
10427192
10428181
10430136
10431324
10433057
10434722
10435966
10435979
10436308
10436467
10436885
10437974
10438039
10438846
10438898
10440202
10440466
10442311
10443266
10443789
10444888
10445006
10445238
10446337
10447950
10449573
10450055
10450189
10451571
10453339
10454680
10455061
10455822
10456182
10457388
10458804
10459495
10460804
10460893
10460994
10461257
10462922
10463198
10463318
10464683
10465339
10465628
10465909
10467888
10469576
10471124
10472334
10473653
10475026
10475235
10476679
10476916
10477780
10478853
10480181
10480906
10481410
10483320
10484459
10485251
10486623
10487666
10487756
10489167
10489208
10489831
10491395
10492188
10493620
10495422
10497015
10498363
10498434
10499958
10501290
10502019
10502423
10502826
10503620
10504380
10505338
10506632
10507779
10508600
10509144
10509444
10511428
10513074
10513204
10513628
10514834
10515672
10517111
10517512
10518482
10519062
10520044
10521599
10522967
10523498
10525470
10527103
10528979
10529154
10530768
10532343
10534300
10535073
10536336
10536802
10538628
10538686
10540496
10541311
10541760
10543082
10543123
10544799
10546651
10546817
10547650
10548557
10550235
10550248
10550928
10552862
10553476
10554772
10556762
10557716
10559223
10559441
10560909
10562211
10563603
10563720
10565572
10566553
10567368
10568605
10569372
10569693
10570688
10572517
10573238
10575156
10575843
10576202
10576985
10577173
10577445
10577447
10578290
10578848
10580385
10581411
10582476
10583938
10584311
10584579
10585774
10587161
10588679
10590329
10591938
10593124
10593859
10595232
10596721
10598006
10598602
10599976
10601501
10602945
10603876
10604207
10605561
10606118
10607395
10608378
10609837
10610133
10610340
10610545
10610612
10611226
10612983
10614665
10615967
10616899
10618574
10619849
10620435
10621493
10622900
10624197
10625234
10625408
10626289
10627724
10629182
10629587
10629748
10630992
10632720
10633504
10634015
10634200
10635323
10636446
10637696
10639683
10639879
10641148
10642060
10642928
10644185
10645764
10646249
10648039
10648733
10649412
10649884
10651039
10651311
10653218
10653546
10654099
10656076
10657919
10658815
10659078
10659195
10660368
10661419
10662634
10662882
10664109
10665252
10666117
10667287
10667608
10667986
10668408
10668551
10669769
10670473
10671016
10671958
10672887
10673716
10673746
10674107
10675415
10675605
10676405
10678136
10679580
10679877
10681731
10681759
10682851
10683129
10683931
10684433
10685040
10686391
10686798
10687407
10689247
10690844
10692831
10693027
10694430
10695319
10696873
10697620
10698905
10700044
10701257
10702495
10702660
10703938
10704924
10704975
10706908
10707733
10708337
10708705
10708721
10709031
10710275
10711198
10711428
10712446
10713139
10714911
10714977
10715990
10716894
10718107
10719569
10719849
10721195
10721596
10722540
10723446
10724693
10726431
10726912
10727367
10728452
10728955
10730831
10731769
10733230
10733723
10734103
10735512
10737425
10738024
10739664
10740704
10742508
10744469
10745510
10747420
10748092
10749239
10750155
10750657
10752180
10752345
10753413
10753783
10755099
10756242
10757170
10758172
10759775
10761444
10762722
10763532
10765301
10766885
10768142
10768248
10769733
10770959
10772505
10772588
10773687
10774470
10776440
10777376
10777597
10778997
10779340
10780576
10782348
10783450
10784372
10786102
10786121
10787750
10789279
10790999
10792740
10792753
10793220
10793330
10793550
10794741
10796313
10797465
10797817
10799259
10801059
10802139
10802678
10803462
10805410
10806282
10806783
10808776
10809504
10810939
10812815
10813686
10814091
10815204
10816134
10817048
10817146
10817182
10818869
10820068
10821595
10823007
10824178
10825053
10825236
10825887
10827507
10829302
10830324
10831294
10832009
10832389
10833823
10834738
10835974
10837482
10837817
10839692
10839950
10841904
10842486
10842778
10844573
10845321
10847172
10847888
10848031
10849465
10850314
10851916
10853140
10853356
10853940
10853994
10855617
10855761
10857158
10857946
10858858
10859264
10859676
10859862
10861687
10863592
10865549
10867068
10867145
10868803
10869594
10870805
10871141
10871143
10872428
10873687
10875072
10875573
10876133
10877264
10877673
10877738
10877969
10878785
10880119
10881418
10883335
10884665
10886238
10888158
10889619
10890809
10892324
10893827
10894592
10896548
10897020
10897416
10899413
10899818
10899861
10901796
10902115
10903285
10904011
10905624
10907567
10908948
10910319
10910566
10911530
10912902
10913532
10913629
10914894
10915842
10917290
10918265
10919840
10921195
10921943
10922921
10924779
10925722
10927286
10927418
10928067
10928541
10928761
10930574
10932083
10933249
10935121
10936731
10937132
10938150
10939218
10940673
10941903
10941935
10942886
10944506
10946020
10947337
10948681
10949296
10949677
10949946
10951256
10951437
10952385
10952743
10953620
10954478
10955143
10956853
10958790
10959494
10961487
10962175
10963880
10963908
10964958
10965720
10967458
10967536
10968215
10968226
10968440
10969382
10970316
10971349
10972639
10974197
10974896
10975426
10975559
10977378
10978200
10978911
10978949
10979574
10981191
10981407
10982851
10984206
10985111
10985802
10987526
10989297
10989806
10990384
10991548
10992913
10993109
10994012
10994364
10995699
10997270
10998558
10999826
11001198
11001259
11002208
11003358
11003558
11004992
11005069
11005492
11007358
11009038
11010815
11012321
11012501
11013198
11014673
11014925
11015565
11015835
11016601
11016808
11016854
11017287
11018187
11019205
11021200
11023011
11024248
11025657
11026463
11027506
11027995
11028918
11029726
11031573
11031908
11032934
11034875
11036113
11036384
11036968
11037729
11038607
11038768
11038991
11039827
11040150
11042124
11043753
11045136
11047031
11047994
11049809
11050368
11050712
11052539
11054408
11055687
11057283
11057328
11058920
11059934
11060609
11062252
11062386
11063438
11064112
11064806
11065635
11066618
11067990
11068529
11069260
11071035
11071145
11071365
11071671
11072805
11074715
11076587
11077884
11078300
11080017
11080567
11082512
11084401
11084414
11086365
11087634
11088575
11088709
11089238
11090061
11090487
11091806
11092306
11093925
11094777
11095138
11095233
11096139
11097209
11097303
11099253
11099815
11101077
11101371
11103313
11105269
11107125
11107997
11109164
11109818
11109842
11110432
11112096
11113214
11114276
11114594
11115215
11115724
11115885
11117678
11118373
11119031
11120110
11120872
11121272
11121844
11122794
11124586
11124868
11125437
11127184
11127886
11128464
11128566
11129271
11130694
11131832
11133625
11133708
11135165
11137059
11137179
11137879
11138121
11140061
11141064
11141544
11142142
11143152
11144997
11146622
11147148
11147603
11147913
11148223
11148434
11150386
11151265
11151833
11153211
11154107
11154336
11155271
11156739
11157356
11158019
11158916
11160002
11161588
11162612
11163770
11165440
11167130
11168453
11169703
11171419
11171800
11173223
11173423
11175394
11175417
11177146
11179107
11179763
11181564
11181846
11183013
11184194
11184371
11184559
11186104
11187399
11188227
11188321
11188531
11189233
11189248
11189538
11191196
11191221
11192783
11194277
11194683
11196142
11197548
11198844
11200690
11202432
11204325
11206218
11206942
11207260
11208537
11209029
11210109
11212015
11212531
11212617
11213424
11214308
11216204
11216834
11218327
11219149
11220096
11220654
11222123
11222517
11223794
11223981
11223988
11225184
11226151
11227381
11228912
11229191
11230942
11232904
11233218
11234673
11236385
11236425
11236499
11238307
11239378
11239933
11241055
11241128
11242085
11242361
11244091
11245372
11247310
11248490
11249096
11249579
11249735
11249970
11250748
11251908
11252835
11253536
11254598
11255550
11255994
11257305
11258687
11259899
11260861
11261005
11262583
11263626
11265119
11265498
11266553
11267521
11269285
11270708
11270833
11272529
11272817
11273967
11274406
11275009
11276674
11276948
11277743
11279293
11280308
11281835
11283657
11285479
11285882
11286225
11286587
11287827
11289021
11289489
11289639
11291359
11293273
11295149
11296904
11296921
11297983
11298745
11299890
11299929
11301577
11303508
11303973
11304044
11305225
11306731
11308514
11309003
11309633
11310599
11310883
11311335
11312831
11313041
11313479
11315225
11317220
11317985
11319482
11321431
11322636
11322977
11322989
11323414
11323970
11325738
11326752
11327283
11327290
11329236
11330856
11331205
11333109
11334713
11335497
11335549
11335769
11336059
11337870
11338208
11339546
11340031
11340869
11341415
11342293
11343970
11345938
11347723
11349049
11349726
11349896
11350606
11352424
11354120
11354842
11355222
11355676
11356234
11357603
11358720
11358740
11360273
11361808
11363090
11363896
11365365
11366809
11367762
11368715
11370147
11370455
11370828
11372581
11373605
11374252
11374766
11375793
11376975
11378689
11378938
11380862
11382544
11383142
11384584
11385798
11386734
11387897
11389882
11390691
11392678
11393115
11393512
11395017
11395814
11397166
11399048
11399618
11400637
11402096
11403115
11404457
11405455
11407295
11408808
11410438
11411805
11412512
11413130
11413752
11414227
11416053
11417133
11418296
11419071
11419744
11420940
11421497
11422633
11422860
11424462
11425089
11425255
11426342
11428089
11428147
11429801
11430805
11432761
11434184
11435804
11437257
11437702
11439265
11439510
11441128
11442294
11444003
11444793
11445058
11445103
11445343
11445775
11446654
11447318
11448170
11448534
11449107
11450218
11451543
11451860
11453825
11455235
11455992
11456569
11457169
11458877
11459434
11460155
11461392
11463344
11463721
11465638
11467269
11467902
11468163
11469670
11469695
11470137
11470653
11472197
11472489
11472686
11474019
11475204
11475980
11477581
11479535
11480357
11481240
11482277
11484105
11485261
11485563
11487311
11488861
11489777
11491737
11493109
11493824
11495394
11495742
11496903
11498209
11499222
11499318
11499730
11500291
11502030
11502358
11503711
11505210
11506551
11506991
11508473
11509969
11510428
11511309
11512035
11512125
11513217
11515051
11516964
11518142
11518301
11518918
11520889
11522567
11522646
11523191
11524437
11525962
11527794
11528428
11529898
11531177
11532661
11533195
11533752
11534741
11535798
11537704
11538272
11539282
11540620
11541582
11542089
11543502
11543617
11545421
11545645
11545995
11546046
11546070
11546685
11548274
11548931
11550511
11550963
11551936
11552161
11553470
11554812
11555178
11556692
11558120
11559436
11561373
11562948
11564014
11564359
11565019
11566998
11567349
11567927
11567969
11568435
11568805
11568837
11568894
11569013
11570472
11572259
11573786
11574842
11576265
11577500
11578554
11578994
11579088
11580959
11581213
11581364
11582081
11583788
11585090
11586029
11586521
11587892
11589237
11590366
11591208
11592524
11593086
11594595
11596259
11597402
11598100
11599457
11600900
11601248
11602931
11603031
11603663
11605519
11606772
11607516
11609413
11610772
11612297
11613313
11614812
11615040
11616856
11618497
11618933
11619217
11619752
11620243
11621003
11621088
11621984
11622314
11623160
11623960
11625874
11627070
11627646
11629312
11629423
11629495
11630422
11631742
11633572
11633939
11634029
11635616
11637515
11638895
11639852
11641013
11642585
11642843
11643405
11644061
11645048
11645327
11647060
11648933
11650315
11650664
11652078
11652321
11653784
11654695
11655734
11655989
11657292
11659076
11661026
11662252
11662812
11663432
11664722
11665280
11665536
11667241
11668495
11669004
11669014
11669373
11671179
11672506
11672610
11674060
11676028
11676441
11677964
11679317
11679766
11679988
11680539
11680700
11682639
11682890
11684603
11686093
11686471
11687643
11687844
11689590
11690500
11691216
11692502
11694362
11694426
11694525
11695418
11696872
11698209
11700104
11700592
11701350
11702303
11704008
11704668
11706334
11706372
11706878
11708747
11710639
11711243
11711908
11712759
11714586
11715288
11715792
11716253
11717625
11719423
11719583
11720775
11722732
11723205
11723253
11724297
11725170
11726416
11728070
11728982
11730284
11731983
11732326
11732492
11734154
11735426
11736973
11738356
11740132
11741480
11742487
11743720
11745488
11746133
11746704
11747743
11748788
11750571
11751719
11753347
11754328
11754657
11756566
11757388
11757566
11758093
11758488
11759481
11761217
11761938
11762715
11762954
11764303
11765610
11767577
11767838
11769218
11770313
11771521
11772408
11774046
11775246
11775816
11777723
11778692
11779616
11780998
11782622
11783404
11784791
11786194
11787185
11788591
11790410
11790605
11791366
11793348
11795261
11797172
11798125
11799631
11801350
11802816
11802884
11803502
11804831
11805966
11807544
11807593
11808136
11809319
11809992
11809993
11810546
11812297
11813912
11815310
11815795
11816843
11818756
11818830
11819852
11820706
11822532
11823353
11824317
11824964
11825461
11825685
11827055
11828309
11829974
11830006
11830655
11832448
11834260
11834959
11835983
11837452
11839381
11839646
11840856
11840932
11841351
11842857
11842947
11843967
11844868
11846125
11846829
11848305
11848672
11849414
11850356
11851764
11851989
11852074
11853475
11854971
11856888
11858235
11859667
11859817
11859902
11860628
11861187
11862708
11863297
11864477
11865302
11866581
11866770
11867947
11868569
11869028
11869108
11869121
11870299
11871928
11873550
11874288
11875316
11875982
11877643
11878786
11880271
11881497
11881697
11881747
11883193
11884384
11886163
11886434
11887266
11887762
11888847
11889227
11889686
11891237
11891579
11893339
11893959
11894929
11895243
11896325
11898236
11898496
11900053
11900197
11901769
11903417
11904006
11905683
11907667
11908083
11909106
11910458
11911845
11912292
11914046
11914512
11914995
11915305
11917199
11918018
11919409
11921048
11921445
11923188
11924232
11925616
11926078
11927770
11929003
11929097
11929382
11930358
11932204
11933798
11934773
11936121
11936866
11938307
11938736
11940089
11941118
11941204
11943039
11944709
11945473
11947266
11948687
11949881
11949976
11951210
11951915
11952865
11954040
11954128
11954213
11954364
11956283
11957406
11958128
11959984
11960935
11961198
11961657
11963637
11965123
11965601
11965856
11967790
11968324
11968969
11969753
11970423
11971856
11972257
11974110
11975341
11975463
11976687
11978260
11978418
11978684
11980033
11980887
11982305
11983837
11985552
11987089
11988995
11990196
11990358
11992323
11992902
11993989
11995331
11996519
11997888
11998719
11999945
12000387
12000969
12001070
12002644
12004334
12005593
12006534
12008108
12008322
12009700
12009843
12011231
12012359
12013963
12015877
12017259
12017850
12017968
12018096
12019520
12020052
12020442
12022175
12023751
12025489
12026947
12027341
12029135
12029643
12030383
12031079
12032999
12034349
12034989
12035624
12036644
12036850
12038007
12039047
12039409
12041229
12042978
12043584
12044033
12045624
12045983
12047576
12048715
12049649
12051102
12052605
12053487
12053561
12053701
12055480
12055785
12057278
12058047
12059802
12060990
12062801
12063948
12065240
12065769
12067108
12068896
12069023
12069068
12069269
12069719
12071599
12072362
12073291
12073378
12073453
12074830
12075648
12075934
12077418
12079407
12079491
12081020
12081022
12083004
12084840
12086326
12087783
12087800
12088355
12088492
12089332
12090393
12091443
12092359
12092641
12093524
12093986
12095673
12097414
12098013
12098662
12100189
12101582
12101993
12103628
12104239
12104861
12105200
12106475
12107284
12108285
12108894
12110476
12112277
12112625
12114601
12114677
12115599
12117369
12118405
12119231
12120813
12122578
12124017
12125004
12126118
12126631
12128308
12130174
12130531
12131262
12131410
12131744
12132221
12133426
12134011
12135955
12136797
12137263
12138972
12140644
12140735
12142069
12143434
12144986
12145946
12147016
12147259
12147549
12147887
12149321
12150589
12152136
12152960
12154764
12156665
12157371
12158716
12159005
12159285
12160668
12162552
12163416
12165334
12166484
12167378
12167817
12167888
12168370
12169610
12170472
12170886
12172561
12173498
12175058
12176694
12177239
12178822
12179373
12179972
12180847
12181064
12181454
12183330
12183352
12183998
12185830
12186449
12188383
12188750
12190408
12191242
12192082
12193107
12193345
12194323
12195749
12195977
12197081
12197128
12198310
12199885
12201491
12202527
12203731
12205088
12206865
12207225
12208022
12208535
12209105
12210070
12211339
12213023
12214378
12215677
12215831
12216700
12217300
12218339
12220143
12221509
12223171
12223432
12225092
12227029
12228105
12229035
12230400
12231185
12231573
12231918
12232984
12233157
12234298
12235448
12237047
12238204
12239402
12241033
12242908
12243297
12243887
12244307
12245570
12246919
12246935
12247846
12248155
12249997
12250777
12251479
12252248
12254244
12255369
12256590
12257332
12258415
12259866
12260971
12262647
12264007
12265256
12266022
12266079
12266365
12266714
12267592
12268292
12269592
12270984
12271659
12272485
12274293
12274459
12276165
12277335
12277852
12279154
12280088
12280702
12281451
12282394
12284303
12286084
12287918
12288216
12290023
12291869
12293368
12293924
12294780
12295243
12296633
12298462
12299235
12300559
12301205
12303170
12303326
12304993
12305486
12306846
12306977
12307108
12308955
12310678
12310830
12311013
12311885
12312489
12312543
12312826
12313640
12315068
12315728
12316893
12318721
12320433
12321403
12323330
12323863
12325219
12325618
12327299
12328281
12329065
12329271
12329478
12329792
12330007
12330262
12331201
12333036
12333271
12333306
12333707
12335267
12335600
12335741
12336917
12338007
12339281
12339763
12341569
12342238
12343822
12345003
12346009
12347812
12349190
12350334
12351547
12351574
12352085
12352981
12354545
12355548
12355961
12355965
12356998
12358356
12359007
12359223
12360301
12360806
12360889
12362717
12363993
12365196
12365199
12367031
12368720
12369455
12371295
12372600
12372687
12373194
12375189
12376531
12376589
12378129
12378491
12379931
12381486
12382923
12384065
12384394
12384772
12386044
12386080
12386095
12386623
12388260
12389805
12390678
12391142
12392247
12392896
12394141
12394504
12396264
12397640
12399351
12400870
12402128
12403964
12404401
12406391
12406452
12408361
12409800
12409942
12410156
12410942
12412162
12413330
12413792
12414405
12414658
12414672
12415915
12417757
12419489
12421357
12423226
12424152
12426091
12427440
12428529
12428891
12430302
12431073
12432629
12433917
12433969
12435638
12436253
12437282
12438316
12440093
12440534
12442482
12442760
12444745
12445731
12447710
12447862
12449269
12450083
12451787
12453024
12454076
12455192
12456952
12457423
12458842
12460305
12461179
12461465
12462696
12464150
12465157
12466034
12466708
12468007
12468105
12469825
12470840
12471626
12472877
12474347
12476184
12477468
12477989
12479683
12480161
12481917
12482274
12482513
12483938
12485096
12486417
12487599
12488510
12490393
12490723
12490921
12491686
12491798
12492310
12492324
12493736
12495601
12497578
12498152
12498346
12500127
12500464
12500469
12500999
12501170
12502762
12504004
12505423
12505658
12506268
12507250
12508293
12509486
12511073
12511837
12512856
12514562
12515739
12517207
12518910
12519600
12520259
12521835
12523043
12524160
12525384
12525599
12526896
12527831
12528808
12529238
12530729
12531940
12532761
12532766
12533393
12533671
12534901
12535854
12537305
12538433
12540210
12541198
12541366
12542935
12544825
12544905
12545778
12546584
12547151
12547183
12548968
12549196
12550534
12551412
12552291
12553214
12553900
12555386
12556656
12558004
12558371
12559731
12561500
12561564
12562753
12563476
12565367
12565710
12567179
12567610
12568622
12569418
12571346
12571348
12571538
12573282
12573287
12573555
12574551
12575191
12576285
12577866
12578612
12579041
12580489
12582397
12583359
12583371
12584066
12585997
12586331
12586383
12587325
12587522
12587594
12587757
12589675
12590726
12591168
12592066
12593166
12593367
12595093
12596186
12596782
12597159
12598661
12599457
12600964
12601985
12602048
12603741
12603823
12604330
12605536
12606859
12607609
12609055
12610152
12610704
12611339
12611911
12612176
12612353
12612880
12614717
12614795
12616291
12616359
12618062
12618496
12619145
12619184
12620983
12622712
12623726
12625228
12627086
12627424
12627660
12629583
12629685
12630861
12632171
12633066
12634971
12635092
12635313
12636909
12638042
12638043
12639185
12641017
12642890
12643876
12645631
12647534
12648897
12649610
12650930
12651489
12653465
12654023
12655125
12655671
12657508
12657881
12658023
12659575
12659867
12661471
12661478
12662839
12663200
12663823
12664688
12665772
12667295
12667988
12669075
12670738
12670938
12672284
12673585
12674118
12675627
12677380
12678913
12678931
12679776
12680547
12680637
12681645
12682736
12683808
12685317
12685777
12687064
12688735
12689191
12689203
12689928
12691180
12692188
12693046
12693882
12695400
12696473
12698176
12698295
12700116
12701969
12703827
12705572
12706772
12708159
12709024
12709378
12710950
12712195
12712853
12714374
12715162
12716667
12718458
12718492
12720308
12720646
12721717
12722227
12723243
12725209
12727158
12727378
12727446
12727716
12728456
12729258
12730967
12731060
12732882
12733130
12733411
12734360
12735207
12736389
12738149
12739791
12741729
12742548
12742777
12744307
12744789
12745916
12747251
12747730
12749365
12750188
12750231
12751591
12752809
12754737
12756529
12758467
12759135
12760450
12760523
12761437
12763334
12763357
12763950
12764033
12764502
12765399
12766758
12768503
12769371
12771225
12771836
12772653
12773476
12775002
12775676
12776271
12777013
12777461
12779341
12780334
12781696
12782541
12783591
12785428
12785845
12786442
12788206
12788968
12790867
12790901
12791401
12792431
12794028
12794309
12795671
12796875
12798323
12798447
12800343
12801223
12802371
12802594
12803051
12803620
12805475
12805885
12807804
12808345
12810167
12810540
12811830
12813145
12814641
12816437
12817307
12818173
12818940
12820177
12822142
12823616
12824280
12825856
12826047
12827190
12827209
12827232
12827993
12829830
12831609
12832907
12834160
12834288
12835471
12836356
12836625
12837941
12839882
12840048
12841828
12842446
12842751
12843363
12844939
12846788
12848738
12849425
12851005
12852677
12853617
12854249
12855165
12855754
12857688
12859296
12861140
12861875
12863393
12865322
12865408
12866899
12868303
12869495
12870319
12870448
12872144
12873221
12874487
12874958
12875451
12875652
12875862
12877516
12877582
12877737
12877877
12879679
12881201
12882018
12883326
12884297
12884320
12886039
12886727
12888221
12889365
12890938
12892055
12893054
12893599
12895525
12897440
12898140
12899863
12901502
12902319
12903622
12904581
12904890
12905727
12907361
12907881
12908616
12909342
12911257
12913027
12914109
12916099
12916667
12916778
12918603
12919238
12919436
12920806
12922283
12922584
12924346
12925759
12926878
12928080
12928291
12929377
12929946
12931456
12932351
12933620
12934920
12935817
12935966
12936057
12937986
12938521
12938913
12940106
12941973
12943348
12943533
12944801
12944943
12945243
12946172
12946226
12948176
12949054
12949085
12949632
12951438
12952951
12953398
12954072
12955712
12956542
12958095
12959866
12960424
12961796
12962179
12962311
12962995
12963553
12964488
12965682
12966236
12966991
12967505
12969061
12970047
12970829
12972462
12974044
12974168
12975775
12977136
12978731
12980627
12981456
12982871
12983612
12985463
12986832
12988137
12988747
12990644
12991177
12992755
12993290
12993391
12994663
12996064
12996122
12996757
12998693
12998984
12999676
12999727
12999750
13000617
13001357
13002095
13003955
13005309
13005927
13007652
13009381
13010932
13011033
13011703
13013310
13013552
13014474
13015599
13015732
13016795
13017434
13018375
13020237
13021664
13022407
13023682
13024046
13025198
13027117
13028192
13030061
13031554
13033145
13034353
13034455
13036220
13036227
13037306
13038771
13040489
13042195
13043181
13044890
13046611
13047362
13049284
13050109
13051691
13053225
13055040
13055201
13056800
13056893
13057800
13059309
13061204
13062588
13063711
13064246
13065952
13066013
13066401
13066641
13068477
13069150
13069660
13070334
13071434
13073246
13073714
13074036
13074792
13076374
13077198
13077398
13077856
13079148
13080793
13082097
13082998
13083739
13084390
13085281
13086969
13087329
13088102
13089805
13090398
13091603
13092258
13093446
13093701
13094487
13095102
13095462
13097147
13098977
13099677
13100781
13101652
13102496
13104256
13105767
13107455
13107988
13109047
13109072
13109850
13110855
13111720
13112680
13113038
13113495
13113544
13114755
13116096
13116648
13117850
13119286
13121273
13121982
13122424
13122803
13123104
13124598
13126154
13126759
13127637
13128601
13130572
13131730
13132185
13132633
13134337
13135665
13137065
13137487
13137743
13138160
13138815
13139226
13141079
13141621
13142058
13142111
13143580
13145276
13146555
13147218
13148627
13148677
13148921
13150599
13151580
13152518
13152652
13153835
13154684
13156044
13156467
13158171
13159723
13160681
13161177
13162951
13164362
13164583
13165789
13167359
13168402
13168509
13168894
13168958
13170549
13171857
13171966
13172576
13173159
13173902
13174615
13175532
13176315
13178004
13179755
13179783
13180846
13180936
13181006
13181718
13182372
13183808
13184854
13185708
13186811
13187188
13188638
13189337
13190260
13190472
13190805
13192533
13192929
13194718
13195349
13196619
13196843
13196986
13197360
13199239
13201214
13202102
13203740
13205364
13205891
13206421
13207102
13208333
13210090
13210212
13211025
13212757
13214435
13215794
13215816
13216087
13216332
13217397
13218314
13219560
13219649
13220098
13220392
13220724
13221284
13221944
13222310
13223864
13225387
13226672
13227701
13227999
13228794
13229101
13229913
13231852
13233496
13234058
13234312
13234752
13234950
13235515
13236150
13237670
13238762
13240668
13241380
13242256
13243271
13243629
13245082
13246559
13247172
13249150
13250893
13251322
13253279
13255271
13256560
13257463
13257696
13259224
13261096
13261364
13262687
13262887
13263908
13265896
13267449
13268427
13269662
13269804
13270154
13270606
13271986
13272384
13273015
13274262
13276117
13277236
13279215
13280482
13281317
13283239
13284087
13284173
13285823
13286513
13287120
13287773
13289759
13290040
13290588
13290770
13291812
13292803
13294762
13295849
13296691
13298495
13299576
13300674
13301987
13303279
13303623
13304116
13305724
13307397
13307498
13308492
13310050
13310302
13311947
13312403
13314081
13314988
13316901
13317397
13319341
13320850
13321822
13323515
13323850
13325064
13327000
13327587
13327655
13329105
13329948
13331660
13332779
13333469
13335466
13335894
13337192
13338492
13339724
13340191
13340931
13341847
13342005
13343262
13344086
13345772
13347539
13347774
13348444
13349724
13350406
13351401
13352119
13353445
13353958
13354810
13355517
13355991
13356977
13357034
13357842
13357908
13359865
13360871
13361024
13362986
13363374
13364047
13364384
13366080
13366657
13368114
13368704
13369288
13369446
13369763
13370845
13371507
13371842
13373058
13375010
13375939
13376127
13376901
13377420
13377706
13379530
13381060
13382121
13382382
13384336
13384747
13384769
13385468
13386358
13387389
13389363
13390036
13390912
13391975
13393282
13394477
13395731
13397637
13398394
13399474
13399551
13400299
13401767
13402369
13402476
13403623
13403920
13405557
13406056
13406573
13408439
13409454
13410935
13411593
13412199
13412671
13413940
13414238
13415850
13415866
13416620
13418486
13418778
13420084
13420855
13422575
13423970
13424950
13425927
13426600
13426871
13428241
13429219
13430596
13431472
13432115
13432844
13434401
13435560
13437186
13437403
13438791
13440401
13441916
13443670
13445549
13447255
13447460
13449291
13449943
13451310
13453283
13454800
13455230
13456968
13458010
13459762
13459782
13459916
13459958
13461147
13461537
13462242
13463418
13463743
13465116
13465836
13467552
13468804
13470050
13472040
13473211
13473690
13475472
13476387
13477028
13477097
13478311
13480269
13482266
13483991
13485778
13486034
13486467
13487098
13487470
13489238
13489278
13490059
13491257
13493206
13493480
13493797
13494777
13495684
13497440
13497954
13498867
13499658
13500565
13500923
13502116
13502493
13502756
13503093
13503233
13504759
13505012
13506954
13507322
13508307
13508779
13509499
13511194
13511706
13513046
13513269
13513587
13514725
13514767
13516735
13518064
13518364
13518567
13519989
13520295
13521630
13521880
13522272
13522962
13524467
13524499
13525393
13527193
13527467
13528686
13528713
13529322
13531152
13531648
13533012
13533370
13533709
13535661
13536769
13538118
13538225
13538696
13538732
13540486
13540896
13542883
13544651
13546295
13548214
13549850
13550822
13551570
13551615
13551759
13553601
13553873
13554470
13555905
13557514
13558410
13559781
13559797
13561658
13563636
13564515
13565937
13566431
13567568
13569161
13569863
13571706
13573094
13573946
13575916
13576179
13576730
13577288
13578127
13578962
13580957
13581505
13582396
13582575
13583293
13584890
13584892
13585740
13585848
13586908
13588370
13589106
13589516
13590432
13590498
13591889
13592798
13593377
13594862
13596681
13597553
13597787
13599612
13599857
13600604
13600870
13602710
13604019
13605217
13606429
13608358
13610262
13611057
13612504
13613324
13615223
13616254
13617239
13618877
13620758
13621043
13621306
13622695
13624066
13625758
13625765
13625997
13626776
13628761
13629924
13630067
13631395
13632976
13633498
13634889
13635925
13637665
13638066
13638927
13639916
13641057
13641877
13643401
13643865
13644267
13644713
13646616
13647287
13647338
13647548
13648238
13648540
13649600
13651443
13652411
13654358
13655265
13657157
13657396
13657614
13658229
13659872
13661566
13661992
13663092
13664507
13665592
13665805
13666028
13667994
13668338
13668884
13670510
13672288
13672798
13673780
13674661
13676187
13677665
13679623
13679693
13680368
13681845
13683453
13683958
13685766
13687574
13687745
13689039
13690754
13691013
13691518
13691641
13692968
13694967
13696474
13697080
13698577
13699886
13701583
13703488
13704294
13705245
13705735
13707324
13708236
13709482
13709801
13710511
13710563
13711878
13713876
13714189
13716040
13717000
13718384
13718822
13718895
13720219
13721094
13722724
13724375
13725168
13726431
13726442
13726491
13727615
13728121
13729542
13731069
13732216
13733986
13734527
13736077
13736463
13737793
13738612
13739845
13740253
13742175
13742480
13744244
13746002
13747098
13747833
13748489
13749948
13750019
13750228
13750521
13751499
13753460
13754502
13755528
13756551
13757939
13758235
13759113
13759932
13761635
13762107
13763451
13765235
13765427
13766472
13766710
13767635
13768754
13768935
13769830
13770766
13771899
13772928
13774068
13774728
13776006
13777227
13778570
13778584
13778651
13779308
13780694
13780738
13781966
13782108
13782263
13782789
13783719
13784700
13786046
13788026
13788547
13789127
13790772
13790896
13792482
13792680
13793988
13794459
13796443
13797252
13799239
13799446
13800257
13801073
13801453
13802261
13803822
13804478
13805648
13807084
13808177
13809385
13811215
13812167
13813479
13815309
13815770
13816761
13817904
13819165
13819777
13820467
13821765
13822715
13824248
13825023
13825338
13826768
13828093
13829325
13830780
13831825
13832185
13833336
13833543
13834716
13835695
13836803
13837785
13837910
13838078
13839406
13840147
13841416
13842346
13844226
13844759
13846198
13846648
13848412
13848999
13850231
13852134
13853678
13855472
13856204
13856212
13857367
13859316
13861021
13862189
13863939
13864304
13865701
13867108
13868596
13868738
13869620
13870853
13872683
13874334
13874663
13874759
13876058
13876649
13878052
13878494
13878702
13878830
13880183
13881262
13883006
13884605
13886582
13887967
13889515
13889986
13890557
13891489
13892730
13894447
13895361
13896601
13897584
13897821
13898557
13899703
13901081
13902503
13903887
13904358
13904653
13905200
13906657
13907297
13907672
13908880
13909432
13910560
13911432
13911838
13912892
13914484
13915356
13917296
13918089
13920050
13921753
13923562
13925125
13926404
13928375
13929294
13929791
13930053
13930251
13931785
13932426
13932437
13934120
13934126
13935203
13935767
13936898
13938691
13939464
13939894
13941752
13942311
13942705
13944152
13944763
13945043
13945728
13947287
13947758
13948697
13949842
13950317
13950809
13952185
13953735
13954912
13956433
13957001
13958423
13959946
13960599
13962513
13963437
13963506
13965453
13966994
13968574
13970426
13970661
13971065
13971791
13972997
13973400
13973630
13974465
13975079
13975473
13975761
13977143
13978954
13980578
13981057
13982504
13983793
13984871
13986329
13987654
13988068
13988988
13990895
13991404
13991789
13993081
13995033
13996927
13998916
14000230
14001385
14002315
14002913
14003164
14003292
14003869
14005178
14006292
14007185
14007538
14007637
14008380
14009553
14010816
14011029
14012282
14014241
14016093
14018048
14019573
14020986
14021809
14022675
14024121
14024328
14024853
14025567
14027056
14027080
14027538
14028491
14028708
14029120
14030272
14032205
14034087
14034530
14034582
14035919
14036866
14037664
14038475
14040014
14041031
14042341
14044269
14045664
14046107
14047369
14048649
14049824
14051119
14052305
14052819
14052881
14054454
14054615
14054646
14055090
14055259
14055925
14056961
14058557
14059360
14060037
14061831
14063630
14064964
14066209
14066704
14066848
14068488
14070055
14070569
14071236
14071848
14072179
14072232
14073055
14074137
14075402
14075472
14075589
14076247
14078108
14078169
14079485
14080118
14080983
14082338
14084234
14084572
14084819
14085688
14085987
14086716
14088081
14090059
14090703
14092372
14093613
14094131
14094837
14095432
14096606
14097249
14097503
14098196
14098313
14098683
14100618
14102106
14102626
14103513
14104573
14105599
14106166
14106855
14107873
14108694
14110452
14111055
14112069
14113487
14114737
14116538
14118101
14118300
14118465
14119588
14121359
14122296
14123979
14125396
14126988
14127789
14128775
14130655
14131991
14133083
14135034
14136411
14138406
14139395
14140257
14141716
14143056
14143506
14144781
14145851
14147663
14148450
14150287
14151880
14151989
14153852
14155026
14156081
14156386
14156793
14157631
14158021
14158204
14159181
14159594
14161167
14162542
14162972
14163497
14163544
14165085
14166232
14167717
14167791
14169021
14170110
14171323
14171335
14172137
14172565
14174415
14175524
14176169
14177248
14178006
14178046
14178932
14180400
14181791
14181879
14183408
14185218
14186384
14186801
14187114
14188331
14189506
14190226
14190541
14191071
14192577
14194409
14196153
14196847
14197647
14198768
14200276
14201404
14203042
14204599
14205743
14206352
14207512
14207871
14209805
14210561
14211535
14213400
14214467
14215198
14217024
14218502
14219756
14221087
14221858
14222276
14223246
14224388
14225375
14225752
14226419
14227550
14227603
14228381
14229817
14230571
14232044
14233217
14234260
14234391
14235280
14237133
14237289
14238560
14240035
14240946
14242643
14242860
14243747
14243838
14244434
14245148
14246657
14248133
14248263
14248544
14249556
14251195
14252237
14253865
14255701
14256203
14256347
14257662
14258281
14259379
14260890
14260892
14262081
14263441
14265209
14265294
14266375
14266801
14267039
14267427
14267812
14268089
14269236
14270331
14270552
14271632
14273232
14274638
14274761
14275128
14276935
14278897
14280207
14281782
14283654
14284397
14284912
14285580
14286133
14286435
14287688
14288288
14288876
14290781
14292393
14293050
14294309
14296211
14297591
14299240
14300215
14301058
14302214
14303222
14304514
14304908
14306656
14307443
14308743
14310026
14310284
14311746
14312586
14314306
14316085
14317388
14318653
14320495
14320560
14322499
14323742
14325467
14326255
14327624
14328633
14328714
14328955
14330915
14331081
14332829
14333783
14335089
14336602
14337756
14338704
14340411
14341547
14343537
14345004
14345127
14345800
14347736
14348826
14349850
14351235
14351536
14351868
14353545
14354476
14356046
14356685
14357671
14359506
14359524
14359761
14360978
14362131
14362728
14363063
14363799
14364779
14365900
14367844
14369527
14370437
14371693
14372131
14373938
14374344
14375391
14375571
14376966
14378498
14380207
14381522
14383365
14384077
14384148
14385264
14386846
14388499
14389794
14389805
14391113
14392841
14394163
14395541
14397473
14398169
14399730
14400452
14401545
14402323
14403127
14405093
14406060
14406888
14408430
14408986
14409913
14410118
14411539
14413406
14413729
14414028
14415720
14417658
14418432
14419246
14421101
14422330
14424168
14425788
14426627
14428546
14428976
14430076
14430340
14431570
14432616
14432951
14433947
14435587
14437450
14439050
14439366
14440448
14442091
14442338
14443936
14444401
14445167
14446909
14447155
14448705
14448779
14450220
14451116
14452248
14453383
14454386
14455795
14456728
14457527
14458736
14459385
14459602
14460524
14462334
14462409
14463440
14464570
14465072
14466462
14467611
14468378
14468385
14469743
14471588
14471771
14472558
14473748
14475537
14475891
14476932
14477338
14477517
14478985
14479852
14480014
14481001
14481105
14482037
14483801
14485541
14487164
14488009
14489325
14491158
14492270
14494080
14494572
14495897
14497387
14497560
14499474
14501015
14502817
14502960
14504927
14506113
14506122
14506825
14507090
14507631
14507743
14508616
14508718
14510122
14510792
14512205
14512559
14512937
14514157
14514192
14516020
14517224
14517917
14518856
14520390
14521527
14522755
14523701
14524066
14525335
14526429
14527955
14529820
14530156
14531552
14532511
14534154
14534560
14536483
14536536
14537900
14538923
14540502
14540981
14542222
14542639
14543070
14543558
14545543
14545606
14546453
14548272
14549427
14549747
14550217
14551851
14552172
14553736
14555003
14556570
14558519
14560205
14560709
14562597
14563806
14565412
14565960
14566050
14566149
14566454
14568267
14568396
14568792
14569808
14570338
14571021
14571748
14571761
14573619
14575044
14575077
14575600
14576538
14577198
14579015
14580294
14581028
14582121
14582307
14582649
14584548
14585157
14585279
14585311
14585915
14586099
14586422
14587829
14589441
14589536
14589906
14590451
14590566
14591340
14592819
14594085
14594379
14595169
14595501
14595776
14597449
14598063
14598557
14600219
14600698
14600751
14602463
14604112
14605930
14607791
14608175
14609345
14610609
14611781
14612229
14613248
14614308
14615660
14616693
14618389
14620104
14621322
14622464
14623386
14624301
14626011
14627326
14627593
14627801
14629323
14630774
14631829
14632769
14633921
14634135
14636087
14638045
14639883
14641609
14641657
14642627
14644090
14644147
14644761
14646284
14647634
14647664
14649517
14651165
14651736
14653613
14654280
14655079
14656445
14657038
14657495
14659416
14660448
14662034
14662582
14663417
14665138
14665452
14665897
14666874
14668417
14670301
14670324
14671413
14672349
14672882
14673211
14674438
14676027
14676356
14677646
14679603
14681315
14682090
14682455
14684197
14684235
14685051
14686985
14688656
14690177
14692094
14692928
14693187
14693774
14695701
14696395
14697707
14698060
14699622
14700881
14702151
14702282
14703041
14703776
14704145
14705158
14706243
14706961
14708312
14708423
14708734
14709061
14710670
14710833
14710890
14711603
14713020
14714014
14715842
14715871
14716897
14718657
14718872
14718876
14720605
14720754
14720943
14722132
14723351
14724690
14726343
14728032
14728449
14729369
14729969
14730523
14731766
14732644
14733459
14734533
14736249
14736945
14737003
14737382
14737807
14738101
14739445
14739506
14741273
14743055
14743118
14744198
14744312
14744698
14745724
14746141
14747300
14748935
14750215
14750416
14751076
14752264
14754194
14755668
14756419
14758041
14759553
14760200
14761504
14763376
14763813
14764890
14765284
14766913
14768451
14770178
14771199
14772305
14773148
14774072
14774630
14774688
14775125
14776196
14776562
14777480
14779395
14779777
14780773
14781713
14782484
14784236
14784277
14786073
14787807
14789620
14791359
14791478
14791540
14791888
14792494
14793110
14795034
14795376
14796452
14797592
14798881
14799873
14800571
14802251
14803703
14804224
14804292
14804839
14806656
14807212
14808580
14808602
14809568
14810529
14810760
14811730
14813571
14814325
14814410
14815401
14816573
14818387
14819851
14821602
14821932
14823150
14823155
14823603
14824527
14824648
14825749
14826425
14827841
14829269
14829770
14830342
14831186
14832825
14834705
14835993
14836425
14838346
14840159
14841296
14841814
14842067
14842189
14843698
14844355
14844663
14845474
14847471
14848490
14849231
14850741
14852300
14852674
14853178
14854143
14854836
14854920
14855395
14856975
14858261
14858630
14860489
14861530
14863412
14864453
14864765
14865062
14865716
14867460
14868844
14869635
14871231
14871832
14872419
14874383
14875697
14876845
14877843
14878551
14879699
14881547
14882417
14882546
14883178
14884811
14885370
14885798
14886234
14886871
14888409
14888417
14888816
14889006
14889879
14890426
14892140
14893000
14894607
14896211
14896220
14898058
14899048
14900961
14902327
14902384
14903395
14903781
14904365
14905062
14905958
14906190
14908005
14908687
14909274
14909877
14910237
14911957
14912026
14913310
14914185
14915938
14916121
14918094
14918820
14919772
14919854
14920578
14921640
14922502
14922770
14924659
14925743
14927686
14929150
14930900
14931214
14931956
14932980
14933211
14933313
14933364
14933378
14934950
14935714
14935748
14935798
14937390
14938732
14939696
14941373
14941595
14942720
14943505
14944711
14945226
14947079
14948246
14948385
14949681
14950846
14950851
14951381
14953359
14954944
14956699
14958404
14958440
14959037
14960138
14961177
14961485
14962306
14962558
14964132
14964154
14964812
14966030
14966454
14967925
14969317
14970790
14971680
14972310
14973485
14974502
14975094
14976360
14977945
14979598
14979645
14980385
14981972
14982476
14982529
14983631
14984267
14984934
14985022
14986118
14987830
14989116
14990042
14990183
14990506
14992190
14992589
14993150
14994001
14994319
14996227
14997625
14998942
15000485
15002464
15003426
15005323
15006512
15008497
15009217
15009297
15010036
15011921
15012450
15012743
15014464
15015608
15017051
15018723
15019625
15021428
15023276
15023407
15023502
15023555
15024505
15025074
15025335
15025344
15026577
15027317
15027889
15028472
15029703
15031106
15032611
15033034
15033894
15035238
15037226
15037330
15037656
15038805
15039871
15040923
15041723
15043598
15044120
15046054
15047547
15048829
15049200
15050940
15051944
15052674
15052869
15053712
15055439
15056229
15057480
15057680
15058815
15059848
15060175
15061390
15061764
15063019
15063040
15063207
15064758
15065308
15065995
15067973
15068717
15070259
15072234
15073779
15075765
15076756
15076978
15078892
15079042
15080704
15080760
15081816
15082271
15084267
15084978
15086882
15088222
15088469
15089156
15089317
15089755
15090334
15090803
15092069
15093062
15094022
15095204
15096379
15096703
15097673
15098135
15099482
15099778
15100221
15100657
15101298
15102579
15103790
15103801
15104892
15105225
15106737
15107871
15109366
15111267
15112214
15112515
15113609
15114345
15114941
15116660
15118103
15119474
15121085
15121845
15123165
15123699
15124114
15124562
15125659
15127085
15127673
15127808
15129756
15129889
15130431
15132351
15134178
15136063
15137088
15138963
15139510
15140388
15141931
15142383
15142654
15143866
15145671
15146276
15148204
15149306
15151216
15153176
15153576
15154519
15155387
15156036
15157504
15158733
15159905
15161459
15162708
15163432
15163570
15165321
15166359
15168215
15169292
15169525
15169621
15171585
15173089
15173824
15175709
15177641
15178709
15180092
15180716
15181614
15183092
15183856
15184191
15185859
15187131
15187795
15188527
15189163
15190842
15191644
15193249
15194723
15195652
15197245
15199042
15200169
15201812
15203380
15203874
15204917
15205550
15207321
15207622
15208522
15210522
15212178
15213124
15214070
15215241
15215429
15217252
15217334
15217974
15219928
15220943
15222063
15223518
15225127
15225932
15227417
15228184
15229132
15229653
15230176
15231020
15231203
15232826
15233333
15234277
15235963
15237801
15238240
15238804
15240256
15241388
15241697
15241735
15241825
15242398
15243991
15245978
15246366
15247797
15248623
15249489
15249954
15251401
15251475
15253118
15254854
15256046
15256636
15258127
15259806
15260712
15262127
15262659
15263507
15265340
15265399
15266825
15268201
15269261
15269828
15269931
15270016
15270075
15271898
15272636
15273356
15274857
15275057
15275473
15276133
15276362
15277001
15278594
15279618
15280778
15282465
15283843
15284665
15286272
15286289
15288060
15289670
15291582
15292392
15293281
15293554
15293827
15294025
15295390
15297124
15299106
15299462
15299630
15301082
15303047
15304677
15306170
15306520
15307676
15308316
15309262
15311233
15313002
15313697
15315502
15316617
15317069
15317547
15318436
15319732
15320356
15322018
15322764
15323446
15324812
15326526
15326788
15328768
15328890
15329803
15330485
15330686
15331180
15331708
15333344
15334851
15335914
15337590
15339303
15341190
15341583
15341593
15343593
15343982
15344511
15346483
15347884
15349348
15351215
15351454
15352088
15352594
15354109
15355518
15356825
15357098
15357450
15357821
15359532
15360674
15361540
15362324
15364074
15365582
15367406
15369047
15370101
15370461
15371518
15372728
15373621
15375444
15376049
15376250
15376299
15377439
15379230
15379297
15380777
15380999
15381377
15381965
15383674
15385611
15385950
15386803
15387151
15387227
15387964
15388679
15390302
15390861
15391806
15392697
15392928
15394859
15394967
15394983
15396663
15398155
15399559
15401078
15402577
15403637
15404603
15404835
15406401
15407139
15407921
15408043
15409892
15411667
15413359
15414728
15416547
15417252
15417845
15418772
15419910
15420391
15421622
15422477
15422592
15424106
15424119
15425928
15426001
15426458
15427869
15428838
15428874
15430440
15431740
15433701
15435122
15436036
15437809
15439723
15439941
15441254
15443051
15444138
15445552
15445636
15447524
15447731
15447763
15448005
15449372
15449596
15450517
15451428
15452182
15453643
15455296
15456230
15457826
15459716
15460361
15462215
15464013
15465230
15465762
15466555
15467045
15468397
15470290
15471056
15471812
15472268
15472352
15474338
15475345
15476793
15477881
15479080
15480767
15481041
15482920
15483655
15485221
15485504
15485989
15487744
15488526
15489162
15489933
15490581
15491523
15492020
15493018
15494333
15495094
15495350
15495535
15497472
15498828
15500214
15501991
15503742
15505602
15507238
15508232
15509660
15510370
15510962
15511295
15512936
15514593
15515418
15516272
15517351
15518302
15520080
15520632
15521302
15522805
15524643
15526242
15527591
15528816
15530614
15531387
15532183
15533352
15535251
15535265
15537026
15537919
15538163
15538902
15540506
15541426
15541606
15542504
15542781
15544628
15545314
15545712
15546611
15546756
15548547
15549414
15551301
15551785
15553258
15554029
15554948
15555148
15556941
15558858
15559999
15560483
15560826
15561538
15563517
15565035
15565869
15566306
15566440
15566925
15567062
15567690
15567850
15569638
15570686
15572078
15573856
15575127
15576594
15577460
15577739
15577765
15578401
15579229
15581043
15582277
15583595
15584052
15584503
15585704
15586345
15586687
15587367
15588738
15589675
15591574
15592542
15592928
15594155
15595759
15596392
15598185
15600127
15601713
15602841
15603155
15603262
15603905
15604092
15604421
15605916
15606901
15607591
15608897
15609816
15610492
15611262
15612076
15613871
15615092
15616579
15617575
15619439
15620147
15621172
15621239
15621717
15623250
15624414
15626142
15627423
15627495
15627499
15628861
15629392
15631169
15631336
15631934
15632069
15633232
15634629
15635894
15635955
15636585
15637952
15638380
15638982
15639587
15640563
15641748
15642789
15644022
15644685
15646311
15647735
15648127
15649933
15651693
15651799
15652175
15652253
15652880
15653833
15654193
15654991
15656791
15658711
15659908
15661580
15661587
15663063
15664774
15665243
15665747
15666277
15667836
15668725
15669765
15670706
15671468
15671599
15673064
15673499
15674350
15674998
15676059
15678037
15678982
15680730
15680920
15682861
15683963
15685876
15686196
15686282
15686707
15687976
15688818
15689326
15690492
15691200
15692915
15693954
15694165
15694551
15694720
15695236
15696645
15697673
15697968
15698440
15700410
15701355
15702908
15704287
15705571
15705600
15706437
15707762
15709675
15710518
15711378
15712088
15713310
15713819
15714571
15715115
15715588
15716818
15717038
15717619
15718698
15720323
15722115
15723604
15724486
15726228
15727005
15727856
15728926
15729177
15729860
15730048
15731445
15731687
15732550
15733876
15734891
15735144
15735501
15736897
15737669
15739489
15740334
15741935
15742005
15743754
15745448
15745845
15746162
15746715
15747015
15747501
15747953
15748487
15749046
15749918
15750455
15751587
15752333
15753521
15755051
15756455
15758215
15759131
15759284
15759875
15760498
15761196
15761427
15762650
15763889
15765574
15767092
15767479
15768184
15768571
15770357
15770663
15771215
15771437
15772114
15772304
15772563
15774219
15775141
15776757
15777307
15777454
15778778
15778885
15780560
15782296
15784092
15785222
15786458
15787891
15788123
15788704
15790478
15790760
15791131
15791976
15792058
15793867
15794785
15795295
15796268
15796412
15797435
15798347
15800320
15801807
15803147
15805143
15805446
15806753
15808621
15808891
15810787
15812496
15813913
15814166
15814404
15814454
15814468
15815059
15816104
15817204
15818331
15818627
15820510
15821880
15823827
15824787
15825217
15826896
15828562
15829115
15830811
15831277
15832205
15832230
15833068
15833293
15833814
15835020
15835692
15837200
15838434
15840187
15840893
15842428
15844133
15845416
15845825
15846952
15847613
15848732
15848936
15850721
15851555
15852951
15853164
15853339
15853374
15853469
15853822
15855372
15856553
15857587
15858426
15859394
15860369
15861312
15863053
15864002
15865986
15866430
15868355
15870204
15870943
15871284
15872839
15874817
15875803
15877491
15878896
15879333
15879664
15879765
15880749
15880878
15881541
15882243
15882980
15884754
15885771
15886203
15886280
15886847
15888156
15889133
15890648
15891110
15892089
15892270
15893222
15893747
15895746
15896702
15896882
15898482
15899310
15899489
15899536
15899538
15899761
15900783
15902102
15902806
15903281
15904111
15905012
15906639
15908532
15909509
15910726
15911624
15913075
15914841
15916742
15916746
15918714
15919051
15921012
15922395
15923826
15924468
15924853
15925029
15925707
15926227
15926599
15928009
15929169
15930599
15931238
15931723
15933481
15934779
15935528
15936066
15936124
15937113
15938358
15939143
15940152
15940821
15942472
15943035
15944943
15945197
15946897
15946927
15948282
15948926
15949998
15951843
15953485
15954851
15955256
15957123
15957892
15958443
15959872
15960169
15961692
15962685
15963159
15964686
15965933
15965941
15967240
15968364
15969315
15970124
15972054
15972537
15973062
15973161
15974183
15974449
15975942
15976796
15978195
15980120
15980756
15981749
15982399
15983457
15985247
15986888
15988662
15989605
15989800
15989952
15990728
15991907
15993593
15993824
15994631
15994997
15996534
15997507
15998919
15999051
16000907
16001233
16002833
16003240
16003361
16004510
16005423
16007046
16008276
16008816
16010698
16011272
16012132
16014075
16014399
16015085
16016694
16017574
16018738
16018745
16018830
16019516
16020672
16021540
16022999
16023879
16024712
16025126
16025485
16025731
16027088
16027847
16028098
16028174
16028980
16030901
16031896
16032401
16034172
16034572
16035002
16036756
16038525
16039257
16039644
16041438
16042368
16043568
16044959
16045166
16046695
16047096
16048976
16050707
16052183
16054182
16055039
16056403
16056899
16057382
16059373
16059656
16060914
16061982
16063311
16063687
16064894
16065274
16065633
16066100
16066173
16067698
16069010
16069327
16070269
16072251
16072772
16072929
16073904
16074197
16074407
16075529
16076680
16078639
16080425
16081727
16083112
16084375
16085108
16086024
16087236
16088798
16089374
16090718
16092011
16093882
16094240
16095278
16095824
16096490
16096708
16097941
16099720
16100330
16100724
16101762
16102972
16103167
16104412
16105474
16106616
16108379
16110199
16110398
16112270
16112398
16114349
16115650
16117236
16118513
16120110
16120557
16122139
16123799
16125643
16125797
16126491
16127309
16128654
16128744
16129354
16130296
16131668
16132485
16133156
16133328
16133361
16133438
16134259
16135621
16136938
16138336
16139430
16139646
16141598
16142902
16143599
16144599
16145198
16146756
16148013
16148804
16150327
16152246
16154079
16154994
16156668
16157112
16158758
16160689
16162366
16162590
16163463
16164867
16166406
16167953
16168488
16169465
16169784
16170746
16171853
16172100
16173548
16175213
16176704
16178586
16180541
16181710
16182682
16184088
16184690
16186126
16186235
16186650
16187633
16189447
16189743
16191201
16191788
16193723
16195599
16196014
16196605
16196974
16197813
16197941
16198354
16199363
16200427
16200731
16200969
16201419
16201540
16202471
16203838
16204313
16205424
16206164
16206932
16208440
16209529
16210782
16210851
16212139
16213181
16214845
16216609
16217958
16219095
16219618
16220076
16220246
16220434
16222342
16223510
16224335
16225321
16227111
16228078
16228299
16228362
16229929
16230331
16231047
16231344
16231976
16233924
16233965
16235757
16236997
16238165
16238804
16239581
16240682
16242560
16243027
16244869
16246808
16247104
16248694
16250608
16252582
16253598
16253645
16255033
16255288
16256881
16258779
16260642
16260776
16261428
16261475
16262494
16263962
16265621
16266280
16266877
16268055
16268270
16270208
16270763
16272685
16274340
16274728
16276624
16278001
16279884
16281421
16282951
16284876
16286337
16287856
16289333
16290560
16290930
16291271
16292262
16292910
16293029
16294191
16295545
16297025
16297510
16298446
16299733
16301306
16302270
16303781
16305285
16306971
16307196
16308147
16310014
16310437
16311226
16312039
16312149
16313908
16314581
16316512
16317590
16318573
16318765
16319528
16321198
16322875
16324699
16325502
16326800
16327840
16329683
16329953
16329976
16331961
16333760
16335088
16335169
16336711
16337289
16337856
16338978
16339113
16340325
16342226
16342767
16343796
16345790
16346087
16347826
16349656
16350371
16351280
16351344
16351698
16352622
16352948
16353500
16353958
16354597
16354849
16356506
16357464
16359201
16361162
16361686
16363103
16363352
16364249
16365124
16366308
16368264
16370236
16371381
16373297
16374241
16374551
16375459
16376739
16378045
16379263
16380195
16381809
16383000
16384268
16385747
16386363
16388299
16389411
16390365
16391070
16393057
16393235
16394050
16395583
16395763
16397159
16398900
16400072
16400787
16402012
16402807
16403737
16404600
16405984
16407511
16408417
16409559
16410490
16412275
16412792
16413671
16413898
16414082
16415185
16415799
16416268
16418005
16418387
16420026
16420431
16421624
16423591
16423723
16425079
16426616
16428519
16429360
16430720
16431409
16433243
16433929
16433959
16434050
16434926
16435671
16436096
16437087
16438354
16438453
16440105
16441142
16441550
16441975
16442315
16442785
16443041
16443434
16444759
16446645
16447182
16449021
16450753
16450889
16452079
16452206
16453757
16454661
16456024
16457766
16459562
16460693
16461157
16462796
16464666
16465083
16466477
16467249
16468414
16469158
16469551
16470320
16471114
16471976
16473381
16474339
16474563
16476157
16476159
16476293
16476695
16476781
16476999
16477244
16478101
16479764
16480227
16480266
16481455
16483056
16483222
16483331
16483488
16485367
16485512
16486171
16487692
16489424
16489857
16490862
16490976
16492264
16492434
16493969
16495755
16496708
16496737
16498077
16498782
16499568
16501424
16502066
16502703
16503317
16504675
16506362
16507276
16508009
16508560
16510365
16510748
16512116
16513532
16515287
16516983
16518476
16520249
16521960
16522244
16522480
16524388
16524782
16525490
16527086
16528087
16528224
16529419
16531365
16531643
16533011
16534264
16535719
16537135
16538453
16539422
16541067
16542184
16543857
16543955
16544760
16545304
16545755
16547538
16548059
16549930
16551515
16553240
16554124
16555257
16556695
16557988
16558078
16559558
16559921
16560824
16562472
16562644
16564065
16565499
16567032
16568923
16570645
16571849
16572513
16573418
16573531
16575370
16577311
16577987
16578425
16578628
16580185
16580313
16582235
16584001
16585572
16586750
16587564
16588550
16590337
16591309
16592292
16592455
16593185
16593434
16593812
16594349
16594883
16596254
16598227
16598534
16599406
16599487
16600902
16602877
16604424
16605676
16605798
16606239
16607725
16608466
16609741
16610104
16611776
16613454
16614603
16614700
16615879
16617607
16617681
16618421
16619592
16619915
16619924
16619925
16621869
16622221
16623557
16624416
16625842
16626825
16628460
16629364
16631115
16631579
16633487
16634368
16634902
16635752
16637371
16638685
16638852
16639610
16640511
16640869
16642848
16644364
16644489
16645364
16646140
16646674
16648669
16648672
16649744
16651314
16651531
16653268
16654137
16654525
16656202
16656457
16656784
16658378
16660237
16661792
16662520
16664063
16664704
16666584
16668248
16668669
16669057
16670877
16671057
16671322
16672698
16674415
16674944
16676074
16676570
16678103
16679310
16680860
16681855
16682718
16684678
16685344
16685957
16687441
16688406
16689603
16690220
16691268
16691717
16692181
16692782
16693092
16694231
16694384
16696056
16696233
16696595
16698540
16699358
16701148
16702530
16702819
16703302
16704158
16705485
16705689
16706090
16708024
16709676
16710533
16711146
16712721
16714361
16716193
16716859
16718090
16718304
16719200
16719566
16721551
16722041
16723398
16723764
16725186
16726615
16728270
16730000
16730491
16731852
16732289
16732801
16733292
16735257
16737080
16738156
16738304
16740273
16741187
16742132
16742602
16742641
16742717
16744118
16744593
16745714
16746998
16747378
16747758
16749463
16751309
16752972
16753019
16754319
16756221
16758170
16758507
16759540
16759548
16760230
16761256
16761332
16762547
16762620
16764488
16765299
16767040
16768896
16770823
16772102
16773156
16773973
16775343
16775819
16777795
16779252
16780559
16782191
16782402
16784069
16784481
16784498
16784992
16785083
16786089
16788049
16789216
16789846
16791463
16793219
16793700
16794814
16795974
16796474
16797952
16799163
16799460
16800230
16801304
16801528
16802463
16802814
16803198
16804794
16805705
16807205
16808691
16809169
16811001
16811573
16813517
16814720
16815177
16816057
16818015
16818476
16819272
16819834
16821235
16821979
16822148
16822475
16822892
16823856
16824680
16825072
16826614
16827509
16829285
16830497
16832068
16832496
16834136
16834340
16834404
16835618
16837151
16838134
16840030
16840458
16841594
16841978
16842447
16842870
16843306
16843422
16844337
16844514
16844627
16844858
16846015
16847909
16848368
16849360
16849924
16851359
16852959
16854099
16855341
16856344
16858110
16858176
16858362
16858418
16858467
16859893
16861208
16861589
16863496
16864509
16865888
16867252
16867760
16868149
16869146
16871144
16872484
16872950
16874336
16874787
16875303
16875906
16877689
16878945
16880377
16881885
16883620
16885294
16886948
16888307
16888649
16890548
16892042
16892928
16894512
16896080
16896096
16897395
16898425
16899591
16900637
16901549
16903009
16904073
16905195
16905796
16906712
16907003
16908162
16908186
16908649
16910230
16910741
16912628
16914128
16915039
16916453
16918199
16920005
16920700
16922016
16922076
16923492
16924748
16924904
16926566
16928527
16928971
16930043
16930063
16931353
16932666
16933684
16935505
16935706
16937037
16938206
16939139
16939930
16941035
16942891
16944738
16946154
16947582
16948699
16950312
16950921
16951231
16951949
16953449
16954978
16955278
16956920
16957008
16958703
16960482
16962068
16962593
16963000
16964322
16966061
16966639
16967358
16967758
16968913
16969068
16970107
16970210
16972100
16972983
16974028
16974421
16974985
16975138
16976054
16976970
16977349
16977975
16978089
16979078
16980665
16980949
16981151
16983148
16984056
16984959
16985220
16986995
16987859
16988304
16988491
16989516
16989802
16990325
16991988
16993435
16995188
16995434
16996065
16998020
16999532
17001349
17001558
17002107
17002114
17003797
17004590
17006286
17006953
17008549
17008750
17008844
17008879
17009932
17010557
17012130
17013006
17013704
17014622
17014956
17016205
17016358
17018157
17020052
17020112
17020477
17021172
17021797
17022482
17024368
17025573
17027146
17028050
17029419
17031018
17032429
17032467
17033459
17033905
17034069
17035743
17035747
17036113
17037619
17039464
17039881
17040383
17041574
17043090
17044111
17044600
17044959
17046110
17047894
17049013
17050645
17052246
17053651
17054353
17056085
17057732
17057867
17058400
17058833
17059831
17061455
17062399
17064397
17066376
17068215
17069272
17070761
17071400
17071843
17072471
17073505
17074286
17076184
17077821
17079324
17079566
17080845
17080872
17080902
17082847
17084264
17085140
17086121
17086144
17086520
17088017
17089166
17089175
17089310
17091193
17091537
17093369
17094885
17096412
17098239
17099226
17100813
17102308
17102432
17102534
17102651
17102894
17103669
17105029
17105989
17106619
17107293
17108003
17108192
17108557
17109251
17109994
17111065
17112862
17112997
17113245
17114460
17115005
17115087
17115408
17115848
17116258
17116437
17117541
17118593
17119345
17120137
17122055
17123319
17124373
17125379
17126031
17127860
17128486
17130179
17131265
17133036
17133137
17134716
17136150
17137169
17137619
17139266
17141043
17141521
17141665
17143167
17144552
17146005
17146192
17147364
17148493
17149517
17150548
17151809
17151928
17152972
17154750
17155790
17157633
17158558
17159529
17160791
17162449
17162648
17162840
17163771
17164139
17165785
17167502
17168492
17169352
17169545
17170119
17170797
17172082
17172125
17172365
17173547
17174945
17176752
17177291
17177489
17179390
17179938
17181746
17182354
17182932
17183834
17184024
17185499
17185840
17187042
17187304
17189238
17189312
17189359
17190351
17190858
17191663
17191860
17193856
17195052
17196804
17197521
17197674
17198574
17200168
17200879
17202247
17203755
17203896
17205266
17205939
17206223
17208036
17208255
17208403
17209806
17210355
17211349
17212935
17213145
17215051
17216402
17217960
17218445
17219671
17221169
17222957
17223589
17224184
17225204
17225919
17226506
17227906
17228813
17229764
17231301
17232110
17232165
17233041
17234661
17236058
17236335
17236455
17238415
17238681
17240205
17242187
17243793
17243865
17245305
17246586
17247135
17247210
17247370
17249197
17249572
17251111
17252237
17253368
17253511
17253811
17254375
17254770
17256621
17257796
17258307
17258832
17259362
17260831
17261507
17262988
17264533
17266151
17266334
17266961
17267520
17268745
17269824
17271071
17272493
17274264
17274265
17274700
17275181
17276544
17278495
17279620
17281482
17281883
17282049
17283823
17285700
17286510
17286870
17288610
17289611
17290019
17290665
17291124
17292326
17293372
17294026
17294901
17295825
17297797
17298000
17299331
17299713
17300547
17300994
17301709
17303386
17303598
17305546
17306644
17308333
17310172
17311668
17312822
17313438
17313514
17313998
17314966
17316898
17317941
17318283
17319901
17320248
17321867
17323695
17324745
17326567
17327929
17328024
17328420
17329695
17331635
17332079
17332914
17333722
17334295
17334973
17335336
17336573
17336887
17337025
17337412
17338847
17339089
17340059
17340171
17340971
17342391
17344059
17344749
17345071
17345659
17345910
17347574
17349444
17351310
17353067
17354867
17355515
17356090
17357201
17357931
17358810
17360538
17362239
17362390
17362529
17364062
17364574
17364812
17365492
17366239
17367280
17368487
17370168
17371703
17373583
17373995
17375150
17376713
17378271
17379239
17380221
17381460
17381770
17382991
17383506
17384114
17384466
17385295
17386644
17388212
17389182
17389395
17390931
17392842
17393594
17393837
17394134
17395557
17395696
17395717
17397284
17398328
17398644
17399436
17399694
17401020
17401598
17402893
17403585
17404051
17405680
17406353
17406902
17406904
17407267
17408219
17408891
17410098
17410561
17411588
17411737
17413076
17414892
17416843
17416845
17416945
17417301
17417367
17419197
17419445
17421267
17422867
17424576
17424833
17425320
17426527
17428150
17428154
17429525
17431120
17431941
17432745
17433704
17434431
17435733
17436495
17437091
17438684
17439331
17440561
17441022
17441711
17441852
17443685
17445258
17446991
17447648
17448673
17448725
17449666
17449729
17451170
17452026
17453486
17455457
17456062
17457018
17458445
17458935
17460887
17462037
17462055
17463158
17463495
17463542
17465357
17465564
17466788
17468712
17469031
17469276
17470220
17471737
17473284
17473754
17473826
17474660
17475943
17477090
17477945
17479420
17481062
17482882
17484661
17485762
17487362
17487524
17489176
17490231
17492074
17492483
17492651
17493559
17494741
17495634
17496467
17496595
17498353
17499417
17500584
17502080
17504028
17505291
17505854
17506115
17506353
17507944
17509167
17510517
17511809
17513740
17514567
17515128
17515674
17516148
17516666
17517946
17518586
17518682
17518818
17519589
17519674
17519919
17520508
17521832
17522813
17524173
17524730
17525354
17525598
17526916
17528443
17528676
17529166
17531112
17531424
17532338
17533186
17534760
17535120
17535727
17537403
17538201
17539118
17540424
17542388
17543902
17544891
17546772
17548088
17549132
17550070
17550607
17551892
17552319
17553901
17554536
17556377
17556711
17558314
17559046
17560539
17562312
17563658
17564840
17564874
17566252
17567230
17568052
17568952
17569386
17569715
17570222
17572054
17573653
17574443
17574774
17574780
17576499
17577740
17579253
17579504
17580675
17581881
17582504
17583181
17583386
17583584
17584410
17585528
17585799
17586870
17588536
17589209
17589441
17590829
17592250
17593830
17595611
17595873
17595968
17597211
17598384
17600017
17601247
17603232
17603636
17605311
17606245
17607848
17608383
17610126
17610748
17611596
17612301
17614028
17615471
17616383
17617857
17617997
17618531
17619271
17620570
17621802
17622692
17623448
17623574
17624141
17625099
17626896
17628576
17629412
17630929
17631235
17631347
17633308
17634955
17636172
17638046
17638244
17639766
17640924
17642176
17642940
17643962
17645759
17645784
17647154
17648621
17650303
17650967
17652794
17653406
17653637
17654048
17654051
17655105
17655990
17657896
17658877
17660437
17661817
17663044
17664829
17664967
17666880
17668239
17669479
17670950
17672473
17674158
17675525
17676537
17677825
17679784
17681646
17683030
17684374
17686316
17687546
17688733
17690612
17690621
17691480
17693421
17695132
17697077
17697847
17699841
17701181
17701549
17702135
17702516
17703566
17705370
17706315
17707034
17708979
17709376
17710781
17710858
17712849
17713250
17713452
17714693
17716571
17717308
17718525
17718702
17719726
17721242
17721659
17722166
17723465
17723517
17723939
17724549
17726200
17726746
17726967
17727202
17728786
17730441
17732177
17732948
17734171
17734311
17734448
17735864
17737641
17739036
17739705
17740579
17742547
17743320
17743702
17743726
17745549
17747028
17747530
17749113
17750536
17751629
17752929
17753123
17754184
17755284
17755761
17755968
17757569
17759037
17759223
17759804
17760970
17761237
17762385
17763649
17763796
17763973
17765449
17765631
17766604
17766791
17767406
17769330
17769613
17770295
17772186
17773671
17774607
17775905
17776424
17778240
17779925
17780451
17780596
17780744
17781762
17781778
17783347
17784674
17786192
17787133
17788951
17790674
17791011
17791751
17791842
17792032
17792358
17794185
17795395
17796599
17798198
17798641
17799960
17800138
17800536
17801486
17802806
17802836
17803758
17805708
17805981
17807858
17809692
17809786
17809949
17810565
17811250
17812441
17814046
17814245
17815441
17816423
17817629
17818564
17818862
17818939
17819142
17820465
17821820
17822632
17823747
17825633
17826958
17827202
17827236
17827371
17828704
17829180
17830454
17830765
17831706
17831707
17832334
17834091
17834602
17835000
17836370
17838268
17839281
17839677
17840940
17842379
17842764
17844545
17844742
17846394
17846767
17847742
17849076
17849899
17850416
17852045
17852271
17853184
17853278
17854530
17855266
17857118
17858598
17858760
17860148
17861550
17861908
17863603
17865226
17866943
17867503
17869107
17870959
17872086
17874034
17874272
17876103
17876533
17876724
17876759
17877839
17879194
17879708
17880048
17880446
17881114
17881999
17882296
17883437
17884123
17885670
17887217
17888543
17888596
17889428
17890131
17891317
17892127
17892160
17892608
17893963
17895646
17896949
17897957
17898272
17900191
17902110
17903629
17903964
17905188
17907051
17908863
17910659
17911021
17912993
17913270
17914570
17916268
17916900
17917528
17918748
17919218
17919719
17920061
17920606
17921694
17922872
17923878
17924833
17925642
17926919
17927741
17927781
17928357
17929738
17930112
17930202
17931099
17932256
17933258
17934463
17936347
17937257
17939164
17940362
17940663
17940712
17941456
17942229
17943750
17944071
17944585
17944733
17946642
17946856
17947673
17948386
17949650
17949944
17951753
17952231
17952710
17954567
17954738
17956276
17957961
17958447
17959650
17961105
17961853
17962263
17963450
17965235
17965651
17966753
17967163
17967564
17968247
17970054
17971509
17973503
17973554
17975210
17976728
17977761
17978195
17979177
17979383
17981050
17981788
17982233
17982385
17983557
17984945
17986360
17988083
17988903
17990879
17991413
17993223
17993286
17994180
17995930
17996546
17997577
17998263
17999972
18001089
18001895
18003683
18003988
18005945
18007940
18008898
18009517
18010649
18011187
18012140
18013167
18013587
18015165
18016092
18016620
18017165
18017555
18018504
18018631
18019884
18021819
18022245
18023740
18025637
18026937
18028529
18030220
18030637
18032405
18032554
18033907
18034992
18036920
18038445
18039813
18041413
18043360
18044384
18045777
18047431
18048749
18048862
18049277
18050165
18050215
18051198
18051238
18052320
18052943
18054894
18055314
18056168
18057595
18059537
18061348
18062243
18062652
18063574
18063764
18065706
18065826
18067366
18068131
18068327
18070081
18070707
18071436
18073085
18074763
18075809
18076307
18077007
18078008
18079568
18080337
18080342
18081839
18083115
18084842
18086348
18088342
18090080
18091059
18092287
18093151
18094136
18095728
18096408
18097012
18097935
18099890
18101060
18101089
18103047
18104676
18105958
18106367
18107263
18107646
18109318
18111039
18113029
18113909
18114429
18115050
18115653
18115696
18115880
18116663
18117821
18118137
18118768
18119300
18119833
18120184
18121341
18123134
18123356
18124148
18125034
18125076
18125301
18125466
18126038
18126402
18127953
18129808
18131473
18132327
18133410
18134394
18134990
18136644
18136855
18138855
18139338
18140730
18142024
18142965
18143991
18145871
18146757
18148218
18149023
18149389
18150330
18150346
18151143
18152541
18154144
18155269
18155495
18156960
18158076
18159490
18160563
18160601
18160941
18161475
18162003
18162074
18162157
18163729
18164186
18164573
18166328
18167699
18167724
18168975
18170077
18170490
18171272
18171533
18172524
18172726
18172958
18172966
18174405
18175593
18177086
18177602
18179149
18181013
18182760
18183094
18183191
18184105
18184662
18186642
18188058
18188349
18190301
18190838
18191483
18191844
18193651
18193804
18195238
18195474
18196453
18198185
18199909
18201450
18202084
18203146
18203887
18203929
18205287
18207276
18208307
18209703
18209740
18211537
18212729
18213046
18214320
18214356
18215352
18216292
18217621
18218154
18219574
18221129
18222791
18222912
18222969
18224094
18224736
18226054
18227231
18227572
18228134
18228583
18229008
18230474
18230739
18230742
18232543
18233008
18234812
18236710
18237941
18238692
18239362
18240689
18241398
18242809
18243618
18245118
18245171
18245301
18247222
18248393
18248429
18248646
18249955
18251065
18251367
18253333
18253469
18255051
18255278
18256908
18258110
18259021
18260872
18261998
18262369
18263411
18263934
18264634
18265047
18266736
18268711
18270528
18272136
18272639
18273776
18274390
18275887
18277794
18278233
18278854
18279204
18280347
18281794
18281826
18281953
18282066
18282937
18284427
18284474
18285823
18286481
18287511
18287517
18289162
18290375
18291196
18291470
18293204
18294786
18296440
18296888
18298368
18299946
18300381
18301591
18303484
18304344
18304462
18306434
18306740
18308652
18309002
18309910
18311105
18312671
18314428
18314740
18315237
18316022
18316822
18318199
18318699
18320527
18320611
18321306
18321853
18322499
18324113
18325321
18327296
18328748
18330236
18331141
18332888
18334665
18335364
18335762
18336069
18337655
18338655
18339368
18341279
18343206
18344789
18345167
18345942
18347667
18349075
18350499
18351254
18352145
18352516
18354377
18355607
18356541
18357521
18358793
18358900
18359810
18361318
18361503
18363231
18364738
18365076
18366946
18368770
18368935
18370838
18370969
18372693
18373461
18374975
18376381
18377076
18378050
18379667
18379980
18381763
18383131
18383918
18384919
18386600
18388539
18389868
18390813
18392187
18392308
18393861
18394453
18394753
18394788
18395475
18396001
18396656
18397327
18397395
18398080
18398502
18400366
18401011
18401571
18401857
18403365
18403703
18405477
18405595
18407034
18408215
18408237
18409247
18409585
18410142
18410750
18411865
18412407
18414370
18415365
18416997
18418467
18419890
18419933
18421557
18422197
18422351
18422479
18423028
18424031
18425239
18426947
18428558
18429546
18429936
18431277
18431928
18432198
18433985
18435122
18436094
18436472
18438288
18439183
18440440
18441411
18441710
18441968
18443848
18445635
18445778
18446299
18446329
18447066
18448326
18449076
18450371
18451958
18453115
18454637
18455795
18457432
18457747
18458571
18460418
18462007
18462316
18462905
18464766
18465499
18466813
18468599
18469453
18470896
18472160
18473312
18475155
18475687
18475770
18476586
18477879
18478353
18479964
18480935
18481831
18482044
18482273
18483537
18483696
18484702
18486547
18488267
18489538
18490238
18491417
18492294
18492592
18493248
18494816
18495458
18497227
18499187
18500931
18502256
18502326
18504133
18504859
18505014
18505568
18506917
18508543
18508679
18509512
18510180
18512034
18513608
18513883
18514825
18515969
18516964
18517483
18518657
18520222
18521378
18522030
18522228
18522814
18522917
18523008
18523444
18524641
18526360
18527836
18529832
18530463
18531003
18532911
18534140
18535435
18537060
18538644
18539764
18540493
18540875
18542463
18543307
18543690
18544731
18546201
18547266
18548235
18548732
18548912
18550577
18552406
18552467
18553678
18554427
18555402
18556745
18557479
18558552
18559478
18560809
18561489
18561983
18562452
18563791
18565101
18566465
18567838
18568885
18569142
18569809
18570810
18571841
18572441
18573622
18574911
18575030
18575524
18576952
18577812
18579473
18581459
18583367
18584576
18586150
18588052
18588212
18589760
18590581
18590718
18591825
18591976
18593065
18593940
18595639
18597209
18597370
18597727
18599194
18601054
18601072
18602469
18604106
18604488
18605445
18606885
18607067
18607376
18607707
18608984
18610595
18611828
18613765
18613971
18614730
18614891
18615772
18617530
18618707
18620324
18622002
18622020
18623270
18624257
18625029
18626312
18627308
18629115
18630368
18632273
18633512
18633752
18635632
18637356
18639228
18640436
18642156
18642788
18643691
18643934
18645909
18646438
18648198
18650178
18651506
18651637
18652413
18654048
18654953
18656221
18657159
18658815
18659138
18659706
18659910
18661214
18662866
18662990
18663559
18665262
18665605
18665810
18667030
18667055
18667707
18667916
18669851
18670179
18670606
18671363
18672030
18673498
18674732
18675031
18675304
18676297
18676423
18677286
18677926
18679868
18681460
18682965
18684095
18685287
18685515
18686093
18686717
18687755
18688509
18690236
18691693
18692662
18693364
18695301
18696936
18697184
18698721
18700218
18702151
18703417
18705146
18706858
18707800
18707940
18708326
18708571
18710456
18710713
18711480
18713298
18713529
18715199
18716363
18716686
18718597
18720184
18720955
18721021
18722640
18722851
18723496
18723595
18725170
18725589
18726263
18728126
18728900
18729424
18729894
18730528
18731656
18732589
18733041
18733276
18733349
18735136
18735987
18736261
18736829
18737384
18737540
18738717
18739984
18740328
18742315
18743239
18744443
18745903
18747183
18748086
18749298
18750915
18750930
18751803
18753148
18754695
18755675
18755810
18755964
18756643
18758637
18758836
18760660
18761512
18762623
18764181
18764926
18765311
18766631
18766964
18768250
18770138
18772085
18772728
18774217
18774972
18775093
18775551
18776397
18777828
18779666
18780168
18780929
18780996
18781208
18781592
18782130
18783202
18783672
18784459
18785268
18786921
18788789
18789944
18790278
18790344
18792034
18792776
18794607
18796293
18797456
18797843
18798872
18799842
18801482
18801569
18802824
18803939
18804334
18806242
18807103
18807435
18809268
18810797
18812670
18813379
18813790
18814215
18816132
18816623
18817806
18818888
18820387
18821749
18822735
18824117
18825892
18827492
18827515
18827967
18829122
18829522
18830241
18830399
18831601
18832005
18833328
18834316
18835607
18836150
18836602
18836921
18837216
18838970
18839624
18841024
18841027
18841472
18842824
18844473
18846229
18847239
18848849
18849144
18850336
18850658
18850694
18851328
18852797
18854059
18855759
18856070
18856476
18857894
18858513
18860294
18861500
18863408
18863418
18863706
18865635
18867051
18867156
18867360
18867919
18869680
18869744
18871585
18871663
18872178
18873159
18874100
18874980
18876188
18877803
18879473
18880175
18880538
18882050
18882115
18882654
18884232
18886211
18887971
18888586
18890005
18891449
18892716
18893922
18894609
18894807
18895671
18896176
18896527
18897021
18898974
18899546
18901524
18901716
18903314
18905244
18906870
18908379
18909166
18910823
18912584
18914493
18916041
18916562
18918099
18919479
18921064
18922979
18923911
18925103
18925141
18925187
18925900
18927775
18928734
18930183
18931006
18932804
18933733
18934339
18935675
18937162
18939112
18939408
18940116
18940703
18942466
18943246
18944194
18944623
18945012
18945333
18946416
18947809
18949115
18949769
18951044
18951807
18952299
18952313
18952931
18953033
18954500
18955367
18955395
18956828
18957281
18959001
18960018
18961743
18962141
18963657
18963862
18965833
18967299
18967995
18968541
18969149
18971086
18972368
18973844
18975680
18975813
18976747
18976997
18977374
18978452
18979098
18979417
18981343
18982214
18983229
18984663
18984678
18986057
18986258
18987370
18987706
18988372
18988398
18989989
18990826
18992029
18993582
18993918
18994996
18995303
18996752
18996895
18997707
18998157
18998438
18999904
19000225
19001973
19003952
19004837
19006347
19006831
19007046
19007445
19008020
19009158
19010618
19011322
19012721
19013778
19015471
19015889
19017309
19017851
19019052
19020372
19020643
19021577
19022557
19024001
19024454
19024735
19026298
19027054
19028424
19030288
19030409
19030715
19031033
19032558
19032630
19033951
19034964
19036084
19037866
19038075
19039537
19040095
19040265
19040615
19042517
19044105
19044220
19045842
19046255
19047182
19048828
19050202
19051135
19052444
19052965
19054800
19056168
19057431
19057832
19059118
19059679
19060219
19061260
19061525
19062487
19064040
19065654
19067286
19068275
19069690
19071398
19072316
19073259
19074695
19075725
19077717
19079536
19080549
19082365
19082783
19083449
19084978
19085700
19087476
19088506
19089901
19091343
19093203
19094849
19094982
19096941
19097001
19097845
19099148
19101134
19102481
19103894
19104667
19106567
19106680
19108335
19109006
19109910
19111719
19111847
19113453
19114354
19114852
19115646
19115837
19115915
19116914
19117823
19118716
19120626
19121584
19122544
19123947
19124261
19124386
19124695
19126356
19126478
19127033
19128218
19128681
19129471
19130831
19132487
19133946
19134199
19134256
19134667
19135045
19136704
19137981
19139866
19140218
19142154
19142597
19143356
19143583
19144099
19144141
19145437
19146345
19148227
19148577
19150265
19152147
19153926
19155044
19155484
19155596
19156806
19158320
19158504
19160389
19161975
19163838
19164635
19165106
19165237
19165677
19165975
19167721
19169350
19170900
19172571
19174178
19174201
19175829
19176496
19177418
19177584
19179177
19179608
19180558
19181887
19182884
19184452
19185554
19187401
19188510
19190136
19190205
19191001
19192800
19193856
19194700
19196281
19197745
19199662
19201001
19201830
19203781
19204296
19205011
19206380
19206811
19207602
19209586
19210811
19211440
19211979
19213060
19213746
19215738
19216212
19216999
19218598
19220040
19221630
19222191
19223373
19223783
19224072
19225765
19226623
19228438
19229525
19231212
19233031
19233632
19235531
19235751
19237210
19238832
19240177
19242030
19243948
19245374
19246288
19247505
19249174
19249460
19250586
19251040
19251806
19252429
19252560
19254217
19255698
19256342
19258334
19259911
19261797
19263578
19263963
19265706
19267036
19267809
19268936
19270679
19271696
19272773
19274772
19275383
19276702
19277581
19279377
19279940
19281695
19283384
19284387
19284931
19286263
19287335
19287833
19288117
19289130
19290094
19291353
19293207
19294485
19294886
19295677
19297422
19298035
19298742
19299015
19300583
19301119
19301909
19303520
19304714
19305843
19306315
19306421
19307918
19309184
19310828
19311106
19312121
19312216
19313170
19314765
19315797
19316831
19318416
19320235
19322212
19322907
19323193
19323431
19323453
19325085
19326707
19326888
19327634
19328230
19328606
19330531
19331246
19333238
19334873
19335367
19336987
19337124
19339049
19339274
19339771
19341224
19341683
19342976
19343581
19344616
19346023
19347544
19348176
19348562
19350060
19350364
19351838
19353481
19353972
19355041
19355540
19356322
19357031
19357368
19358517
19358991
19359543
19360139
19360558
19362498
19364473
19365571
19367498
19368662
19369288
19370372
19371271
19371280
19372981
19374980
19375669
19377509
19379397
19379960
19380819
19381472
19383008
19384119
19384597
19386421
19387447
19389284
19390772
19391688
19392843
19393104
19394526
19396156
19396844
19398083
19399619
19400009
19400811
19401172
19401580
19403393
19404338
19405290
19407106
19407603
19408711
19409982
19411589
19412058
19412822
19412972
19414737
19416066
19416732
19417533
19419183
19420169
19420843
19420864
19422253
19422769
19422808
19423224
19423244
19423467
19424360
19426272
19427112
19428668
19429091
19429927
19430439
19431213
19432476
19432808
19434791
19435025
19436237
19436493
19437785
19438065
19439824
19441601
19442207
19442337
19443260
19444853
19446476
19446491
19447730
19448982
19449903
19450773
19451201
19452222
19453888
19454027
19455558
19457437
19459177
19460178
19460586
19460905
19461054
19461772
19463130
19464192
19464808
19466167
19468027
19469747
19471022
19473004
19474214
19475327
19475693
19476720
19478611
19478846
19479550
19479760
19480996
19482345
19483335
19485111
19486119
19487027
19487156
19487433
19489334
19490923
19492652
19492685
19493159
19494939
19495144
19497130
19498498
19499015
19500142
19501390
19501919
19502956
19504069
19504097
19504655
19506136
19506474
19507913
19507982
19508496
19510477
19511168
19512307
19513778
19515042
19516432
19516619
19517350
19517912
19517949
19518399
19519311
19521258
19522648
19522891
19524482
19526457
19527362
19528553
19530219
19532175
19533590
19534184
19534634
19534817
19536100
19536931
19537805
19538279
19538331
19538427
19539879
19541535
19541733
19543618
19544419
19546178
19547870
19549851
19550640
19551598
19552766
19553943
19554242
19554596
19555221
19557157
19557446
19558738
19559585
19559978
19559988
19561162
19562585
19562776
19563318
19564964
19566268
19566649
19566880
19568112
19570012
19571368
19573360
19574809
19575094
19575794
19577256
19578739
19580327
19580652
19581678
19583097
19584157
19586081
19586258
19587537
19589487
19590245
19590854
19591810
19592295
19593085
19594028
19594737
19595119
19596010
19596373
19597938
19599715
19600170
19600963
19602279
19604232
19605323
19607178
19608061
19609385
19610619
19611474
19612705
19613626
19615086
19615922
19617185
19618612
19619225
19619516
19621512
19623196
19625043
19625526
19625567
19625797
19625877
19626844
19628261
19629326
19631128
19632677
19633704
19635636
19636100
19636423
19638101
19639067
19640163
19640178
19641270
19643218
19644792
19645228
19645493
19646747
19648565
19649989
19650301
19651917
19653182
19653208
19654966
19655481
19656046
19656115
19657077
19657326
19658654
19660168
19660884
19662108
19662828
19664599
19665059
19667036
19667872
19668164
19669241
19670480
19671990
19672186
19673821
19674603
19676379
19678117
19679631
19680847
19681589
19683556
19684678
19685992
19687886
19688389
19688490
19688772
19689851
19690776
19690918
19691546
19693188
19693196
19693720
19695284
19695857
19696842
19698390
19700192
19701453
19702902
19703809
19705042
19706686
19706820
19707449
19708107
19709591
19710011
19711293
19711692
19712237
19713899
19714392
19714866
19716254
19717282
19717764
19719174
19720499
19722111
19723856
19725122
19726895
19727062
19727986
19729010
19731003
19732858
19733338
19733943
19735770
19737154
19737641
19739066
19740851
19741044
19742299
19742366
19743139
19743221
19745048
19746844
19748229
19749341
19749681
19750015
19751527
19752431
19753590
19755458
19757226
19758337
19758880
19759244
19761210
19762419
19762509
19763505
19764883
19765051
19765056
19766943
19768302
19768977
19769178
19769536
19771186
19772241
19773103
19774312
19775305
19775365
19775479
19776600
19777976
19779240
19780373
19782147
19782524
19783411
19783933
19785265
19785773
19787172
19787290
19788259
19789934
19790988
19791588
19792775
19794285
19794467
19795450
19796969
19798678
19799336
19800756
19802711
19803097
19804733
19805739
19805803
19806415
19807886
19809427
19810548
19811668
19812922
19813960
19814428
19816245
19816817
19818489
19819802
19820235
19820931
19822036
19823635
19824742
19825494
19826762
19828677
19829580
19831526
19831723
19833056
19834798
19836355
19837335
19839049
19839799
19840990
19842345
19843179
19844916
19846188
19846507
19847782
19849336
19849402
19850124
19851165
19851711
19853070
19853334
19853425
19854790
19856263
19857838
19858602
19859194
19860293
19860988
19861877
19863062
19864041
19865345
19866001
19866541
19867839
19868516
19869832
19871061
19872191
19872941
19874333
19876297
19877278
19877470
19878329
19878686
19880020
19882016
19883991
19884778
19885026
19886519
19887926
19888980
19889564
19890216
19891734
19891967
19892454
19894346
19894833
19895150
19895766
19896590
19897116
19898924
19899563
19900422
19900807
19901966
19903362
19905338
19906859
19907189
19907613
19907759
19909069
19909215
19909694
19910670
19912571
19913990
19915294
19917150
19918859
19919841
19920075
19921700
19922141
19923585
19924445
19925092
19925656
19927493
19927581
19929561
19930654
19932533
19934188
19934832
19934969
19936488
19937537
19939428
19940650
19940834
19940869
19942140
19944043
19944252
19945978
19946323
