10001257
10001958
10002413
10003126
10004798
10006504
10007155
10007852
10008579
10009256
10011673
10012069
10013751
10013837
10015709
10016218
10016947
10018687
10019223
10019358
10021281
10021633
10023724
10023837
10024667
10026979
10027468
10028178
10028830
10030001
10030895
10032357
10033752
10033824
10034219
10035083
10037480
10037650
10039387
10040656
10040968
10042541
10042894
10044057
10044354
10046506
10047239
10047649
10048129
10049763
10050076
10052119
10052276
10054933
10055312
10055498
10056559
10058137
10058726
10059949
10061239
10062501
10062974
10064281
10064941
10066290
10067474
10067573
10068960
10070816
10071481
10071747
10073168
10073233
10074851
10076476
10077030
10077196
10078040
10080644
10080739
10082468
10082804
10084138
10084928
10086202
10087187
10088544
10089267
10090175
10090675
10092131
10092441
10093941
10094960
10095573
10097374
10097998
10098579
10099587
10101958
10102784
10103575
10103843
10105868
10106932
10107814
10108177
10109632
10110521
10111349
10112028
10112858
10113037
10114590
10116534
10116713
10117580
10118449
10119795
10121368
10121877
10123793
10123932
10125485
10126129
10127662
10127803
10129383
10130626
10130703
10132072
10132927
10134798
10135632
10135701
10136533
10137995
10139984
10140004
10140706
10141144
10142522
10144355
10145570
10146061
10146969
10147692
10148968
10150033
10150663
10152266
10152667
10153327
10155269
10155366
10156105
10157212
10159472
10159836
10160304
10162497
10162574
10164040
10165497
10165754
10167263
10167745
10169142
10169425
10170968
10172517
10172648
10173744
10174866
10175770
10176964
10177268
10179070
10180070
10181256
10181445
10183278
10183335
10185291
10186766
10187492
10188390
10189462
10190482
10191004
10191781
10192203
10193648
10195346
10195572
10197799
10198718
10198722
10200041
10201003
10201066
10202545
10204843
10204975
10206338
10207280
10207445
10208073
10209404
10211358
10211662
10213827
10214181
10214553
10215906
10217672
10217793
10218653
10220466
10220715
10222491
10222952
10223006
10224278
10225789
10227464
10228101
10228724
10230212
10231007
10231701
10233157
10234461
10234735
10235600
10236657
10238497
10239198
10239650
10240479
10242183
10242790
10244754
10245773
10246361
10246553
10247446
10248508
10249691
10251345
10252132
10253531
10253722
10254532
10256449
10257127
10258777
10259181
10260617
10261159
10261431
10262175
10263750
10264107
10266092
10266955
10267045
10268759
10269250
10271770
10272176
10272622
10274515
10275479
10276108
10277582
10278844
10279382
10279534
10281317
10281841
10282082
10284808
10285132
10285400
10287497
10287949
10288260
10289606
10290227
10291800
10293645
10293646
10295630
10296098
10296587
10298012
10298146
10299782
10301399
10301848
10302825
10304744
10305067
10305504
10306177
10307229
10309090
10309523
10310526
10311027
10312743
10314090
10314673
10315375
10316229
10318079
10318449
10320068
10321334
10322484
10322503
10323020
10324933
10326296
10327097
10328009
10328525
10329707
10330345
10332059
10333022
10333319
10335086
10336997
10337482
10338007
10338654
10339173
10340431
10341227
10343539
10344122
10345656
10346452
10347956
10348450
10348816
10349330
10351182
10351442
10353165
10354306
10354821
10356511
10356579
10357076
10359029
10359916
10361839
10362591
10362881
10363907
10364190
10365457
10366039
10368686
10369586
10370711
10371385
10371589
10372295
10373157
10375239
10375503
10376476
10378214
10379455
10380078
10380716
10381909
10383372
10383845
10385313
10385514
10386274
10388265
10388440
10390922
10391103
10392753
10393093
10394156
10394392
10396002
10396700
10397030
10399670
10400165
10400338
10402306
10403792
10404266
10405276
10405593
10407253
10408289
10408805
10410332
10410947
10412906
10412924
10413490
10414042
10416285
10416787
10417467
10419946
10419956
10421260
10422039
10423325
10423661
10425835
10426410
10427798
10428420
10428466
10430081
10430897
10431184
10432078
10433573
10434742
10436134
10437109
10438189
10438754
10440637
10440796
10442274
10442544
10443166
10444431
10445879
10446701
10447298
10448703
10449383
10450310
10451135
10453967
10454548
10454961
10455356
10456403
10457454
10458200
10460219
10460797
10462913
10462958
10463865
10464620
10466158
10466932
10468867
10469124
10469975
10471254
10472786
10472971
10473060
10474242
10476010
10476861
10478159
10479893
10480077
10481186
10481260
10483522
10483548
10484074
10486943
10486951
10487845
10489128
10489991
10490251
10492353
10492883
10493069
10494396
10496175
10496365
10497453
10499831
10500471
10500669
10501568
10502665
10503476
10504144
10505750
10506002
10507553
10508443
10510065
10510222
10512801
10513508
10513931
10514778
10515314
10516471
10518670
10519000
10519871
10520815
10522227
10522764
10524488
10525121
10526239
10526542
10527324
10528794
10529566
10530683
10532392
10532888
10533264
10534287
10535021
10536492
10538692
10538845
10539254
10540246
10542328
10542532
10544382
10545187
10545978
10547557
10548137
10548191
10550080
10550709
10551227
10552653
10554033
10554058
10556261
10556674
10558126
10558964
10560172
10561112
10562150
10562202
10563252
10564598
10566928
10567523
10567928
10568551
10570859
10571226
10571766
10572474
10574462
10574657
10575519
10577352
10577785
10578192
10580094
10581686
10582322
10582750
10584216
10585173
10585838
10586702
10588715
10589523
10589536
10590242
10592636
10592928
10594417
10595299
10595439
10597567
10598198
10599403
10599783
10601046
10601967
10603117
10604324
10604704
10605187
10607521
10608273
10609872
10610023
10610739
10611052
10612728
10613529
10614104
10615343
10616510
10618102
10618994
10620971
10621590
10622478
10622727
10623650
10624416
10625748
10626024
10627252
10629121
10629857
10630004
10632538
10632580
10634539
10635060
10635767
10636233
10637735
10638415
10639176
10640397
10642220
10642373
10644447
10644987
10646443
10646974
10647710
10649946
10650451
10650788
10652485
10652896
10653259
10655660
10656647
10657981
10658200
10658799
10660394
10660975
10661110
10662623
10664390
10664662
10665651
10667695
10668147
10669201
10669277
10670430
10671776
10672967
10673169
10675601
10675863
10676321
10678907
10679977
10680835
10681313
10682268
10682594
10684476
10685436
10685918
10686399
10688521
10689093
10689793
10690173
10692621
10692777
10693683
10694989
10695630
10697607
10697798
10699423
10700268
10700668
10702033
10702556
10704080
10705317
10705666
10707415
10708030
10708908
10710585
10711501
10711768
10712374
10714265
10714334
10716866
10717266
10717425
10719048
10720659
10721330
10721385
10722078
10724321
10724784
10726319
10727195
10727603
10728857
10730994
10731326
10731773
10733479
10733742
10734922
10735864
10736669
10738380
10739119
10739209
10741126
10742293
10743676
10744787
10744874
10745681
10747072
10747086
10748367
10750700
10751965
10752008
10752268
10754082
10754129
10756865
10757292
10757959
10758767
10760359
10761151
10761486
10763031
10763612
10764886
10765581
10766803
10767297
10768656
10769163
10771985
10772281
10773875
10774079
10774715
10776199
10777352
10777782
10779735
10779914
10781340
10781995
10783781
10783926
10784570
10785289
10787930
10788818
10789709
10790546
10790953
10792189
10792434
10794147
10794852
10795861
10796918
10797380
10799817
10800662
10801770
10802473
10803226
10803562
10804041
10805617
10807149
10807477
10809029
10809733
10810345
10811870
10813480
10813542
10815679
10815968
10817150
10818744
10818965
10819385
10821054
10822222
10823125
10823640
10825495
10826329
10826495
10828347
10828918
10830048
10831162
10831557
10832049
10834434
10834700
10835938
10836040
10837185
10839550
10840134
10841372
10842251
10842986
10843708
10845652
10846437
10847073
10848680
10848902
10849497
10851314
10851642
10852910
10854293
10855663
10855846
10857739
10858337
10859916
10860786
10861022
10862040
10862063
10863971
10865074
10866105
10867608
10868844
10868928
10870525
10871416
10872799
10873690
10874418
10875073
10875828
10877014
10877462
10879589
10879711
10880155
10882011
10882451
10884490
10884873
10886258
10886333
10887457
10888289
10890015
10890572
10891013
10892640
10894415
10894496
10895132
10897378
10897965
10899074
10900176
10900691
10902139
10902212
10904278
10904731
10906789
10907059
10907341
10908731
10909526
10910705
10912310
10913236
10913879
10914449
10915603
10916745
10918418
10918791
10919890
10920529
10921900
10922122
10924826
10924920
10926099
10926657
10927184
10929298
10929310
10930122
10932948
10933111
10933882
10934098
10935719
10937843
10938066
10939207
10940034
10940942
10942527
10943935
10944521
10945798
10946547
10946876
10948537
10949383
10950312
10950545
10951839
10952081
10954405
10955893
10956108
10957339
10957756
10958937
10959534
10961717
10961809
10962169
10964338
10964958
10966388
10966589
10968358
10968471
10970866
10970998
10972004
10972216
10974324
10974911
10975618
10977073
10977605
10979167
10979772
10980582
10982077
10983536
10983550
10984362
10986680
10987781
10988116
10988848
10990727
10991713
10992815
10992902
10994687
10995379
10996053
10996078
10997912
10999844
11000945
11001960
11002563
11003370
11003782
11005188
11005369
11007466
11008038
11009739
11010056
11010174
11011715
11012582
11014254
11015555
11015676
11016369
11017963
11018081
11020247
11021382
11021701
11022052
11023204
11025102
11026905
11026987
11028196
11028329
11030777
11031977
11032241
11033392
11033524
11035065
11035378
11036764
11037355
11039849
11040282
11041258
11042481
11043838
11043841
11044270
11045955
11046738
11048958
11049596
11049695
11051295
11051629
11052982
11054011
11054740
11056105
11057076
11057804
11058124
11059034
11060525
11061301
11063958
11064935
11064950
11065268
11066508
11068564
11069742
11070621
11071386
11072792
11073230
11073646
11075676
11075938
11077267
11077381
11079015
11079151
11081019
11081122
11082248
11084289
11084837
11085321
11087940
11088583
11089229
11089646
11090072
11092634
11092999
11094209
11095782
11096580
11097324
11098071
11098257
11099094
11100288
11102298
11102838
11103081
11104327
11105988
11107186
11107207
11109162
11109451
11110647
11112989
11113293
11114116
11114300
11115695
11116845
11117306
11119245
11119405
11120920
11121187
11122369
11123533
11124402
11125755
11126182
11127349
11128157
11130522
11130916
11132663
11132672
11134385
11134405
11135946
11137052
11137150
11139167
11139652
11140622
11141446
11143927
11144405
11144965
11145290
11147692
11148378
11148593
11149230
11150465
11151444
11153963
11154164
11154987
11155527
11156488
11157108
11159190
11160070
11160272
11161215
11162417
11163413
11165380
11166098
11166658
11168128
11169110
11170731
11171857
11172212
11172671
11173185
11174417
11175731
11176895
11177494
11178625
11179168
11180084
11181329
11182871
11184205
11184974
11186675
11187860
11188057
11188417
11189379
11191640
11192826
11192906
11194783
11195206
11195466
11196502
11198304
11198494
11200532
11201270
11201706
11202612
11204554
11205021
11205651
11207007
11208785
11209749
11210657
11210846
11212636
11212941
11213016
11215136
11215499
11217080
11217857
11218863
11219954
11221713
11222225
11222419
11224268
11224706
11226171
11226861
11227751
11228278
11229900
11230878
11231526
11232746
11234599
11234904
11236709
11236906
11238766
11239657
11240803
11241924
11242365
11243523
11244001
11244155
11245728
11247442
11248384
11248938
11250574
11250747
11252476
11253215
11253464
11255528
11255724
11256157
11258262
11259200
11260156
11261472
11261787
11262435
11263758
11264745
11266893
11267443
11267980
11268675
11270677
11271123
11272138
11272962
11274673
11275429
11275460
11276146
11277984
11278045
11280132
11280378
11282206
11283555
11284007
11285232
11286463
11286688
11287962
11289076
11289331
11291071
11291529
11293477
11293496
11294611
11295439
11296876
11297842
11298072
11299246
11301084
11302158
11303243
11303977
11305486
11306243
11306483
11308449
11309211
11309578
11310609
11312252
11312984
11313359
11315970
11316010
11317112
11317273
11319413
11320224
11321498
11321933
11323131
11323966
11325203
11325742
11327497
11328235
11329133
11330117
11330900
11332024
11332822
11333589
11334013
11335435
11337041
11337697
11338465
11340732
11340957
11341997
11343019
11343402
11344519
11345864
11346980
11348483
11348799
11350824
11351038
11351770
11352958
11353111
11355971
11356195
11356901
11357189
11359139
11359626
11361417
11361847
11362407
11363177
11365365
11365548
11367630
11368278
11369569
11369684
11371119
11371870
11372946
11373152
11374888
11375245
11376352
11377170
11378293
11380124
11380525
11381534
11383583
11383717
11384204
11385134
11387492
11387900
11388235
11390526
11390875
11391014
11392821
11393363
11395508
11396860
11397375
11398106
11398384
11399691
11400329
11402271
11403717
11404116
11405220
11405484
11407939
11408309
11408383
11410647
11411027
11411046
11413253
11414736
11415640
11416357
11417764
11417840
11419343
11419599
11420538
11422132
11422151
11423731
11424225
11426145
11426217
11428254
11429088
11429864
11430642
11431107
11433909
11434511
11434941
11436451
11436470
11438584
11439817
11440172
11440506
11442811
11442858
11443103
11444116
11445822
11447351
11448717
11449272
11450332
11450852
11451936
11453679
11453981
11455261
11455496
11457941
11458641
11459913
11460548
11461503
11462428
11463313
11463499
11464234
11465337
11467611
11467644
11468221
11469069
11470442
11472379
11472970
11474419
11474456
11476192
11477445
11478107
11479330
11479459
11480579
11481862
11483248
11483783
11484071
11486597
11487391
11487880
11488973
11489208
11491584
11492186
11493152
11494264
11495360
11496000
11497476
11497546
11498461
11499729
11500429
11502250
11502255
11503997
11504481
11505865
11507506
11508279
11508426
11510684
11511346
11511598
11512691
11514434
11515233
11516116
11516657
11518569
11518909
11520317
11520716
11521225
11523504
11523699
11524085
11526249
11526469
11528260
11529003
11529714
11530968
11531189
11532437
11533839
11535262
11536063
11536991
11537330
11539039
11539392
11540274
11542608
11542650
11544784
11545537
11545987
11547808
11548654
11548951
11550455
11550981
11551704
11553303
11553697
11554018
11555419
11557452
11557957
11558661
11559975
11561275
11561683
11563935
11563953
11565487
11566838
11567633
11568743
11569061
11569121
11570321
11572779
11572817
11574478
11574803
11576132
11577153
11577209
11579479
11580337
11580763
11582904
11583236
11584553
11585750
11585896
11586891
11587276
11588923
11589749
11590991
11591011
11592569
11593846
11594019
11596517
11597059
11598876
11599368
11599554
11600416
11602227
11603650
11604538
11604566
11605978
11606588
11607857
11609531
11609893
11611375
11611464
11612842
11614932
11615989
11616171
11616421
11617301
11618454
11620979
11621448
11621967
11623370
11623991
11624977
11625079
11626350
11628973
11629464
11630035
11630796
11631970
11633920
11634512
11634754
11635531
11637206
11637830
11639454
11639480
11641154
11641556
11643183
11643580
11645133
11645310
11647479
11648061
11648281
11650615
11651157
11651875
11653490
11653622
11655004
11655486
11657756
11658135
11658243
11659131
11661655
11662234
11663043
11664320
11664494
11666353
11666478
11667025
11668617
11669357
11671393
11671497
11673864
11673963
11675398
11675978
11676240
11677107
11679700
11679777
11680801
11682681
11683095
11683370
11685427
11685516
11687684
11687852
11688707
11689206
11691167
11691821
11693688
11694177
11695329
11696060
11696457
11697802
11699302
11699917
11701446
11702604
11702694
11703107
11704057
11705370
11706476
11708697
11709673
11709876
11710822
11712173
11712987
11713803
11715818
11716298
11716342
11717767
11718764
11720022
11720868
11722566
11723468
11723927
11724036
11725937
11727007
11727137
11728312
11730852
11731035
11731870
11733152
11734964
11735702
11736080
11737908
11737954
11739067
11739181
11741310
11742894
11743156
11744205
11744871
11746430
11746462
11748898
11749120
11749452
11750288
11751941
11753013
11754148
11755477
11755933
11757151
11757844
11759948
11760677
11760786
11762123
11762435
11763010
11764251
11765752
11766703
11768357
11769503
11770472
11771827
11772068
11773815
11774339
11775735
11775819
11777067
11777608
11779370
11779691
11780797
11781240
11782776
11783780
11784673
11785446
11787748
11788821
11789155
11790157
11790956
11791914
11793652
11793669
11794061
11796772
11796775
11798344
11798690
11800681
11801198
11801989
11802736
11804393
11804652
11805360
11807078
11807503
11808652
11809878
11811281
11811476
11813655
11814273
11814314
11815622
11816341
11817772
11819623
11819633
11820393
11822783
11822988
11823508
11824093
11826462
11826584
11828421
11829558
11829745
11830056
11832204
11832767
11833003
11834015
11835326
11836336
11838101
11839524
11840003
11840268
11841716
11843702
11843733
11845328
11845437
11846213
11847235
11848140
11849516
11850151
11851827
11852065
11854195
11855004
11856886
11856908
11858503
11858988
11859321
11860750
11862315
11862783
11864749
11865398
11866311
11866533
11868095
11868222
11870145
11870180
11871768
11872794
11874613
11874846
11875444
11876665
11878096
11879508
11879853
11880540
11882777
11882920
11884440
11884826
11886233
11887337
11887756
11888095
11889437
11891103
11891869
11892218
11894923
11895866
11896109
11896348
11897390
11899750
11899803
11900258
11902886
11903451
11903637
11904148
11905501
11907137
11908268
11908965
11909944
11910372
11912148
11912721
11913669
11914103
11916127
11916749
11918284
11919318
11919449
11920305
11922299
11922644
11924212
11924926
11926229
11927610
11928798
11928918
11929507
11930651
11931596
11932639
11933387
11934229
11935890
11936015
11938785
11939242
11940183
11941278
11941984
11943135
11943475
11945378
11945965
11947900
11948311
11949134
11950536
11951342
11951622
11952736
11953926
11954969
11956632
11957001
11957742
11959811
11960229
11960966
11961445
11963318
11964074
11964583
11965507
11967954
11968632
11968756
11969043
11970033
11972484
11972803
11974319
11974568
11976030
11976892
11977196
11979752
11979803
11981258
11981701
11982003
11983319
11984304
11985915
11986422
11988831
11989084
11989634
11991430
11991666
11993350
11994003
11995423
11995758
11997681
11997855
11999341
11999720
12001271
12002043
12002951
12003790
12005570
12006672
12006946
12007042
12008128
12009942
12011564
12012343
12013590
12014648
12015090
12015977
12017248
12018972
12019275
12020457
12021438
12021536
12023425
12023773
12024259
12025280
12026318
12027210
12029428
12029879
12030611
12032535
12033813
12034549
12035223
12036703
12037603
12038248
12038297
12039588
12040995
12042225
12042865
12044229
12044269
12046232
12047149
12048973
12049092
12050179
12050705
12052239
12052793
12053383
12054835
12055984
12056296
12057111
12059690
12060081
12060123
12062123
12062451
12064328
12065898
12066793
12066886
12067964
12069621
12070786
12071714
12071958
12073561
12074880
12075363
12076457
12076771
12078569
12078616
12079385
12080303
12081589
12082455
12084866
12085611
12085689
12087291
12087438
12089125
12090210
12091352
12091662
12093316
12093387
12094783
12096831
12097697
12098723
12099687
12100401
12101533
12101943
12103071
12103200
12105084
12106472
12106960
12107393
12108540
12109860
12111181
12111317
12113411
12113892
12115223
12115321
12116736
12118469
12118637
12120461
12121412
12121524
12122728
12123109
12125038
12125890
12126204
12127041
12128286
12129710
12130140
12131975
12132422
12133637
12134054
12135619
12137304
12138076
12139638
12140639
12140810
12141168
12143664
12144231
12145219
12145243
12147008
12148031
12149487
12150404
12150633
12152410
12152578
12153568
12155294
12156686
12156923
12157784
12159008
12159534
12161601
12161770
12162213
12164093
12164819
12165545
12166461
12168421
12168726
12169144
12170128
12172354
12172796
12174965
12175228
12176011
12176793
12177235
12178834
12179674
12181432
12181518
12182350
12183994
12185107
12186045
12187437
12188000
12189787
12190303
12190999
12192712
12192932
12193867
12195623
12195648
12197454
12198165
12199223
12199384
12201185
12201415
12203514
12204120
12204405
12205275
12207153
12208508
12209137
12210125
12211370
12211962
12212412
12213079
12214289
12215774
12216027
12218551
12218563
12220650
12221243
12222317
12222845
12224103
12224960
12226493
12226868
12228322
12228388
12229264
12230742
12232932
12233961
12234731
12234749
12235986
12237211
12238602
12239690
12240132
12240279
12241294
12243453
12243957
12244462
12246068
12246549
12247477
12249034
12249776
12251924
12252636
12252684
12253784
12255796
12256422
12257597
12257852
12258913
12259135
12260463
12261267
12263702
12264722
12265747
12266190
12266967
12267329
12268150
12270547
12271070
12272708
12272984
12273597
12274403
12275001
12277823
12278971
12279821
12280332
12280581
12281957
12282080
12284565
12284958
12285048
12286839
12288942
12289224
12289504
12290317
12292832
12293316
12293450
12294482
12295423
12297459
12297660
12298943
12299941
12301947
12302664
12302918
12303450
12304470
12306997
12307117
12308117
12309430
12309954
12311494
12311871
12313031
12314805
12315863
12316936
12317321
12317979
12318180
12319635
12320758
12321897
12322555
12323516
12325313
12325517
12326505
12328335
12328908
12330460
12330986
12332672
12332747
12334161
12335165
12336276
12337635
12338602
12339942
12340533
12340821
12341363
12342623
12344326
12345409
12345831
12346968
12347260
12349026
12350615
12350631
12351595
12352495
12354405
12354759
12356149
12356860
12358450
12359052
12359584
12360540
12362189
12363607
12364100
12365621
12365707
12367224
12367463
12369262
12370382
12370506
12371051
12372126
12373735
12375039
12376461
12376975
12378589
12379596
12380016
12381288
12382210
12382592
12383896
12384895
12386462
12387671
12388293
12388616
12390230
12390817
12391208
12393214
12394343
12395915
12396653
12397485
12398100
12398327
12399580
12401360
12402271
12402465
12403445
12405746
12405904
12406846
12407165
12408515
12410429
12411633
12412205
12412484
12413784
12415644
12416414
12417681
12417745
12418650
12419490
12420197
12422024
12422079
12424902
12425524
12425571
12426424
12427817
12429345
12429618
12430487
12431674
12433517
12434477
12434740
12436136
12437513
12438203
12438203
12439098
12441280
12442211
12442311
12444347
12444361
12445619
12446601
12447122
12449836
12450563
12451562
12451941
12453073
12453913
12455601
12455873
12456286
12458961
12459562
12459688
12460142
12461235
12462024
12464551
12465202
12465369
12467701
12468349
12468562
12469537
12470681
12472238
12472270
12474218
12474671
12475225
12476014
12478621
12479097
12480196
12481233
12482117
12482590
12484178
12484870
12485463
12486471
12488191
12489084
12489172
12491495
12492692
12493022
12494075
12495715
12495852
12497147
12497273
12499295
12499669
12501731
12501812
12503317
12504196
12504342
12506504
12506877
12507826
12508973
12510868
12511062
12511489
12513389
12513486
12515635
12516355
12516668
12518185
12518383
12519616
12520787
12522291
12522676
12523582
12525501
12525681
12527212
12527804
12529106
12530340
12530678
12531614
12533248
12533370
12534213
12536105
12537523
12537698
12539313
12539367
12541386
12541832
12542748
12544025
12545737
12545981
12546072
12547544
12548611
12549876
12551603
12552902
12553245
12553423
12554749
12556440
12556908
12557794
12558599
12560790
12561706
12562333
12562721
12563531
12565003
12566080
12566664
12567579
12568562
12570764
12570849
12572631
12572849
12573209
12575044
12575398
12576018
12577952
12579557
12580279
12580318
12582230
12582262
12583923
12584648
12586215
12587772
12588148
12588751
12589254
12591863
12592118
12592329
12594197
12594536
12595070
12597029
12597420
12598635
12599171
12600313
12601457
12603940
12604063
12604488
12605853
12606910
12608024
12609565
12609884
12611444
12611550
12613745
12614430
12614632
12615328
12617680
12617791
12618987
12620164
12620825
12621947
12623008
12623347
12625461
12626445
12627582
12627681
12628253
12629698
12630745
12632088
12632445
12633116
12634456
12636059
12636562
12638300
12638995
12639003
12640465
12641091
12643556
12644522
12645864
12645951
12646034
12647139
12649634
12650806
12651004
12651645
12652953
12653090
12655269
12655847
12657161
12658121
12658745
12659080
12660149
12661518
12662267
12664852
12665081
12665591
12666688
12667102
12669159
12669239
12670802
12672073
12672762
12674232
12675663
12676221
12677718
12678542
12679459
12679823
12680972
12682535
12682798
12683551
12685303
12685655
12687312
12688286
12688487
12690070
12690150
12691735
12693795
12693834
12694178
12695943
12696576
12698038
12698837
12700413
12701092
12701992
12703587
12704269
12704593
12706551
12706617
12708429
12708667
12710378
12711318
12712038
12712516
12713196
12715053
12715075
12716166
12717702
12719386
12720306
12721076
12721851
12723250
12724123
12724401
12725651
12726507
12728062
12728134
12730880
12731213
12731522
12733195
12733980
12734211
12736132
12737636
12738772
12739384
12739445
12741042
12741901
12743355
12744629
12745902
12746809
12746810
12748288
12748708
12749960
12751216
12752837
12753713
12754434
12755614
12755907
12756164
12757553
12758161
12760285
12761110
12761987
12762041
12763966
12764966
12765935
12766654
12768305
12769171
12769199
12771682
12771860
12773175
12773947
12774463
12775761
12777402
12778299
12779578
12779840
12781051
12781208
12783165
12783437
12785892
12786802
12786895
12788291
12788614
12789849
12791759
12791782
12792540
12794333
12795007
12795645
12796680
12798278
12799330
12799650
12800632
12802727
12803096
12804439
12805492
12805511
12807396
12807959
12809377
12809661
12811023
12811241
12812024
12814760
12815320
12815486
12816774
12817602
12819876
12820850
12821551
12822020
12823078
12823922
12825224
12826333
12826796
12827266
12828840
12829175
12831267
12831615
12833369
12834459
12835481
12836474
12837319
12837972
12838489
12840107
12841193
12842344
12842835
12844588
12845123
12845264
12846851
12847697
12849528
12849886
12851229
12851549
12852253
12853265
12855397
12855784
12857303
12858209
12858277
12859570
12861341
12861642
12863899
12864078
12865531
12866461
12866583
12869000
12869072
12869261
12871131
12872113
12872612
12873686
12874284
12876431
12876566
12877861
12879459
12879551
12881160
12881863
12882140
12884672
12885323
12885981
12887082
12887106
12888878
12889766
12891107
12891626
12892548
12893884
12895958
12896867
12897050
12897626
12899431
12899478
12900725
12901023
12903747
12904820
12905905
12906368
12906494
12908149
12908424
12910222
12910718
12912561
12912728
12913853
12915668
12916916
12917224
12917728
12919183
12920148
12920903
12921060
12922416
12923256
12925435
12926547
12926610
12928140
12928496
12929310
12930029
12932271
12932294
12934467
12934812
12936727
12937280
12938016
12938208
12940719
12941571
12942781
12943836
12944661
12945585
12945759
12946136
12948465
12949360
12949455
12951920
12952517
12952777
12954107
12954643
12956254
12956578
12957718
12959657
12959767
12960476
12961699
12963381
12963832
12965868
12965921
12967575
12967768
12968357
12970213
12971079
12971686
12973085
12973626
12975733
12975792
12976796
12978485
12979784
12979879
12981765
12982154
12982929
12984640
12984685
12986284
12987172
12987181
12988503
12989141
12990896
12992461
12992712
12993060
12995419
12995925
12997251
12997545
12998488
13000239
13000838
13001857
13003104
13004107
13005075
13005758
13007213
13008421
13009820
13010487
13011624
13012830
13013240
13013718
13015563
13015990
13017541
13018270
13018886
13019556
13020572
13021897
13023715
13024033
13025566
13026192
13026676
13028650
13028672
13029786
13031399
13031707
13033237
13033586
13035655
13036130
13037435
13037984
13039726
13039784
13041821
13042182
13042369
13043482
13045078
13045541
13047588
13048178
13048819
13049075
13050369
13052509
13052617
13053439
13055175
13055540
13056789
13058864
13059766
13059863
13061982
13062384
13062857
13064134
13064160
13065911
13067470
13067984
13069540
13070785
13071340
13072694
13073049
13073553
13075143
13075978
13077094
13077654
13078658
13079145
13081346
13081857
13082533
13084800
13085615
13086224
13086642
13088689
13089922
13089990
13091898
13091945
13093149
13093592
13095514
13095862
13097076
13098359
13098552
13100830
13100909
13102071
13102531
13103728
13105650
13106158
13106268
13108355
13109376
13109923
13110199
13111681
13112061
13113429
13114410
13115964
13116168
13117640
13119094
13120028
13120677
13121120
13123891
13124060
13125037
13125243
13126436
13127355
13128969
13129299
13131931
13132435
13132442
13134563
13135274
13135783
13136790
13137884
13138679
13140678
13141392
13142665
13143366
13143476
13144935
13146045
13147620
13148733
13149462
13149555
13151317
13152495
13152571
13153658
13154792
13156796
13156866
13158524
13159718
13159919
13161088
13161814
13162301
13163624
13164403
13166040
13166682
13168411
13169249
13169507
13170365
13172541
13172595
13173021
13175909
13175967
13177192
13177659
13178818
13179514
13181402
13182192
13183188
13184751
13185658
13186681
13186910
13187044
13189326
13190634
13190656
13192496
13192747
13194764
13195254
13195949
13197617
13197864
13198535
13199133
13201649
13202378
13203235
13204138
13204202
13205004
13206090
13207890
13208705
13209238
13210235
13212032
13213309
13213318
13214690
13216447
13216924
13218746
13219573
13220382
13220786
13222219
13223090
13223843
13225076
13225319
13227451
13227951
13229978
13230048
13231059
13232285
13232765
13234664
13235263
13235350
13236861
13238763
13239972
13240418
13241064
13241978
13243210
13243578
13245359
13245868
13247842
13248627
13249367
13249379
13251251
13251933
13253141
13254421
13255146
13256744
13256934
13258202
13259490
13259659
13261107
13262509
13263259
13264121
13265259
13265695
13266768
13267124
13268361
13269278
13271059
13271119
13272111
13274490
13275797
13276463
13277998
13278062
13278142
13279403
13280468
13281525
13283010
13283634
13284962
13286252
13287251
13287594
13289194
13290050
13290865
13291044
13293316
13293897
13294153
13296181
13296511
13298180
13299918
13300312
13300469
13302596
13302666
13303595
13305374
13306793
13306937
13308132
13309935
13310776
13310931
13312243
13312482
13313732
13315018
13315865
13317495
13318783
13319831
13320456
13320864
13322327
13322836
13323689
13324163
13325975
13326718
13327800
13329231
13329916
13330121
13332197
13333119
13333266
13334220
13336597
13336713
13338568
13339318
13339840
13340007
13341879
13342583
13344413
13345427
13345675
13346517
13347827
13349502
13349802
13350328
13352336
13352391
13354110
13355199
13356057
13356559
13357083
13358357
13360118
13361389
13362417
13362818
13364643
13364962
13366150
13367484
13367705
13369288
13370196
13370728
13371789
13372378
13373419
13374571
13376341
13377393
13378147
13379116
13379382
13380543
13382841
13382871
13384909
13385426
13385911
13386048
13387051
13389344
13389685
13391432
13392772
13392868
13394169
13394707
13395986
13397430
13398840
13399596
13400317
13401330
13402040
13403986
13404702
13404965
13406389
13407724
13408445
13409754
13409840
13411185
13412984
13413566
13413632
13414919
13415777
13416160
13418926
13419148
13419846
13420645
13421349
13422882
13424291
13425688
13426356
13427836
13428773
13429442
13430048
13430177
13432278
13433243
13433886
13435418
13436503
13436872
13438396
13439013
13439666
13440543
13442404
13442793
13443733
13445012
13445343
13447166
13447435
13449920
13450412
13451320
13451512
13452666
13454174
13454990
13456593
13457814
13457852
13459782
13459799
13460745
13462112
13462949
13463232
13465331
13466505
13467615
13468887
13469674
13470042
13470753
13472749
13473424
13473946
13475246
13476733
13477450
13477980
13478896
13479446
13480427
13482345
13482675
13484886
13485047
13485052
13487398
13488721
13489549
13490147
13490525
13491904
13493461
13493529
13494676
13496795
13497183
13497547
13499165
13499215
13501243
13502067
13502995
13503094
13504459
13505876
13507175
13508874
13509097
13509897
13511715
13512003
13513399
13513679
13514899
13515550
13516467
13518056
13518933
13520362
13520777
13521476
13523291
13523459
13524593
13525666
13527213
13528114
13528299
13529715
13530603
13532147
13532859
13534143
13534339
13536240
13536651
13538245
13539037
13539134
13541724
13542299
13543833
13544568
13544778
13546494
13547169
13547844
13548266
13549135
13551993
13552511
13553656
13554040
13554962
13555193
13557583
13557779
13558399
13559346
13560030
13561650
13562232
13563594
13565063
13566035
13567115
13567803
13569162
13569335
13570797
13571833
13573179
13574145
13574542
13576413
13576452
13577004
13579698
13580884
13580943
13582693
13583255
13584332
13585174
13585907
13586926
13587786
13588207
13589476
13591243
13591518
13592473
13594704
13594912
13595624
13596343
13597885
13599745
13600635
13600755
13602524
13602970
13603528
13605096
13605115
13606076
13608840
13609717
13610178
13610431
13612623
13613884
13613930
13614936
13615950
13617143
13617231
13619540
13619737
13621161
13621856
13623554
13624065
13625186
13625873
13626921
13628360
13629328
13630603
13630631
13632863
13633311
13633835
13635108
13635518
13637323
13637789
13639239
13639659
13641037
13641148
13643497
13644219
13644406
13645363
13647853
13647990
13649032
13649442
13650432
13652455
13652726
13653116
13655413
13655977
13656179
13657028
13659194
13659241
13661967
13662430
13662901
13664275
13665716
13666540
13667567
13667709
13669437
13670982
13671678
13671908
13673603
13674546
13674649
13676695
13677994
13678233
13678698
13680179
13680248
13681915
13682157
13684739
13685427
13686593
13687534
13687571
13689139
13689312
13690689
13692638
13692818
13693820
13695992
13696954
13697451
13698010
13698771
13700000
13700542
13702087
13702834
13704509
13704867
13706037
13706586
13707274
13708861
13709857
13710200
13712679
13713565
13714913
13715315
13715795
13717752
13718445
13718951
13720163
13720606
13721383
13722063
13724419
13724829
13726877
13727662
13727865
13729604
13730871
13730974
13731760
13733595
13733633
13735991
13736161
13736359
13738666
13739360
13739493
13740949
13741907
13743056
13744131
13744941
13746832
13747784
13747885
13749262
13749422
13750813
13752488
13752995
13754039
13755453
13755514
13757252
13757911
13758230
13760767
13760862
13762082
13762091
13764455
13765148
13766306
13766452
13767070
13769140
13770663
13771098
13771619
13773155
13774513
13775150
13775320
13777085
13778350
13779157
13779801
13780999
13782111
13782618
13784172
13784620
13785067
13787297
13787990
13789204
13789229
13790887
13792269
13792644
13793683
13794528
13796496
13797346
13797354
13798070
13800997
13801563
13802369
13802705
13803141
13805242
13806562
13806840
13808462
13809445
13809624
13810395
13812433
13812675
13813008
13814648
13816435
13816748
13817469
13818110
13820990
13821412
13822434
13823144
13824267
13825008
13825026
13827929
13828992
13829936
13830554
13831173
13831701
13832900
13833631
13834829
13836330
13837403
13838206
13839015
13839316
13841111
13842119
13843138
13843541
13844960
13845483
13846544
13848514
13849210
13850116
13851380
13852007
13852030
13854394
13854526
13855178
13856043
13858005
13858545
13860194
13861004
13861239
13863591
13864120
13864404
13866531
13866896
13868484
13869044
13869947
13870716
13872235
13872661
13873774
13874666
13875052
13876015
13878032
13879575
13880430
13880851
13881695
13883377
13883894
13884733
13885218
13886560
13887628
13889527
13889963
13890865
13892120
13893080
13893778
13894150
13896047
13896247
13898222
13899465
13899863
13901821
13902296
13903077
13904481
13905233
13906766
13906804
13907308
13909726
13910622
13911612
13912962
13913026
13914934
13915268
13916129
13916590
13917262
13918514
13919265
13921968
13922295
13923504
13924626
13925755
13926524
13926590
13927410
13929759
13930813
13931188
13932924
13933194
13933659
13934333
13936198
13937304
13937948
13939930
13939979
13940501
13941374
13943845
13944967
13945006
13945349
13947502
13948910
13948941
13949540
13950774
13951155
13953394
13954873
13955883
13955887
13956979
13957798
13958493
13960407
13961697
13961913
13963389
13964687
13965769
13966732
13967617
13968774
13969359
13969547
13971196
13972868
13972893
13974947
13975808
13976920
13977501
13977564
13979120
13979725
13981672
13982514
13982774
13983331
13984291
13986033
13987631
13988284
13988368
13990033
13990256
13992034
13993500
13994290
13995688
13995836
13997526
13997616
13999657
13999836
14000823
14002770
14002778
14004781
14005057
14005722
14006068
14007834
14009244
14010261
14011793
14012887
14013070
14013128
14014540
14015116
14017780
14017963
14018774
14020959
14020992
14022608
14022847
14024281
14025625
14026521
14026827
14027967
14028473
14030338
14030965
14031824
14033296
14033799
14035407
14035629
14037608
14037730
14039300
14039671
14040470
14042628
14042829
14043397
14045601
14045941
14047094
14047183
14049424
14049716
14051198
14051988
14053450
14054946
14055162
14055695
14057909
14057910
14058300
14059912
14061579
14062890
14063005
14064143
14064963
14065897
14067692
14068451
14068679
14070278
14071553
14071587
14073768
14074907
14075110
14075276
14076619
14077942
14079835
14080716
14081563
14082119
14083667
14084222
14084877
14085295
14086285
14087705
14089299
14089838
14090672
14092910
14093416
14094603
14094713
14096693
14097214
14098430
14099785
14100000
14101777
14102777
14102938
14104106
14104954
14106647
14107783
14108911
14109051
14109440
14111439
14112309
14113874
14114473
14114928
14116786
14117669
14118463
14118753
14119621
14121011
14121543
14122374
14124068
14125506
14126617
14127577
14127628
14129023
14130143
14131500
14132916
14133370
14134629
14135713
14136317
14136939
14137919
14138573
14140862
14141978
14142340
14143613
14143940
14144519
14146568
14146619
14147892
14148394
14149559
14150371
14151364
14153688
14154462
14155238
14156387
14157857
14158019
14158702
14160009
14160721
14161064
14163122
14163783
14164073
14166493
14166651
14167471
14169066
14170098
14170479
14171885
14173581
14174015
14174420
14176055
14176712
14177044
14179040
14180032
14181281
14181571
14183028
14183731
14185488
14185645
14187370
14187608
14188082
14190715
14190864
14191697
14193345
14193858
14194881
14196579
14196767
14198398
14198902
14199226
14201021
14201134
14202305
14203349
14204883
14205519
14206778
14208201
14209327
14210185
14211659
14211810
14212991
14214664
14215192
14215800
14216703
14217351
14219241
14220496
14221449
14222332
14222589
14223728
14225202
14226716
14227713
14228110
14228452
14229381
14231302
14232743
14233297
14233342
14235228
14236244
14236487
14237791
14239405
14239476
14241793
14242995
14243432
14243792
14244628
14245246
14246124
14247773
14249868
14250564
14250679
14252502
14253379
14254597
14255590
14256333
14257150
14258154
14259962
14260225
14260816
14262112
14263988
14264620
14264771
14265319
14266573
14268092
14268560
14270706
14270919
14271192
14272150
14273855
14274044
14275983
14277153
14277532
14278969
14279176
14280648
14281122
14282734
14283116
14284998
14286536
14286554
14288563
14288698
14289166
14291107
14292488
14292891
14294046
14295050
14295815
14296275
14298057
14298956
14299572
14301432
14301625
14302794
14303130
14305013
14305653
14307155
14308245
14308504
14310207
14311108
14312238
14313154
14313217
14315390
14316600
14316895
14317730
14318044
14320313
14320768
14321284
14323973
14324215
14325948
14326743
14327540
14327766
14329377
14329754
14331167
14331428
14333431
14333548
14335580
14335690
14336491
14338312
14338591
14339027
14340914
14342288
14342661
14344990
14345469
14346448
14346909
14347436
14348546
14350094
14350863
14351314
14352629
14353381
14355388
14356924
14357016
14357383
14359864
14360319
14361355
14361496
14363106
14363957
14365412
14366333
14367716
14367999
14368808
14369656
14371383
14371970
14373084
14373341
14375748
14376106
14376196
14378334
14379428
14380979
14381584
14382873
14383013
14383292
14384280
14386443
14387528
14387767
14388960
14389562
14390064
14392142
14392927
14393830
14395354
14396023
14397018
14398509
14399175
14400166
14401124
14402933
14403451
14404996
14405643
14406256
14406349
14407580
14408552
14410548
14411451
14411736
14413907
14414663
14414938
14416221
14416265
14417934
14418967
14419599
14421623
14421741
14423568
14423941
14424231
14425206
14427265
14428268
14428808
14430128
14430712
14432869
14433556
14434460
14435281
14436112
14437464
14437499
14439257
14440477
14440886
14441196
14442174
14444292
14444821
14446285
14446717
14447217
14448129
14450104
14451655
14452178
14453433
14454620
14454898
14456622
14457285
14458287
14458652
14459561
14461286
14461932
14462459
14463552
14464072
14465589
14466353
14468650
14468823
14469739
14471074
14472003
14472930
14474806
14475473
14475679
14476893
14477963
14478458
14480735
14481151
14481553
14483321
14484801
14485717
14486763
14487385
14487834
14489315
14489418
14491379
14492618
14492920
14494229
14494705
14496506
14497330
14497746
14498755
14500181
14501173
14501831
14502239
14503200
14504161
14506706
14507110
14508394
14509158
14510966
14511431
14512266
14512377
14514071
14514919
14516125
14516453
14517133
14518548
14520487
14521596
14522225
14522717
14524227
14524616
14526443
14526930
14527775
14528704
14530573
14530861
14531624
14533214
14534555
14535932
14536823
14537490
14537543
14539912
14540204
14541698
14542028
14543041
14543721
14545825
14546961
14547110
14547471
14549808
14549947
14550833
14552070
14552875
14553056
14555073
14555083
14556544
14558922
14559228
14559569
14560896
14561658
14563506
14563885
14565076
14565397
14566605
14567227
14568837
14569994
14570262
14572646
14573515
14574723
14574861
14575078
14576070
14577537
14578544
14579413
14581780
14582861
14583003
14583854
14585014
14585821
14587710
14587873
14588813
14590338
14590907
14591414
14593361
14594548
14594820
14596689
14597782
14598252
14599135
14599437
14600973
14602355
14602943
14604200
14604524
14606538
14607329
14608257
14608303
14610217
14610331
14612175
14612633
14613662
14614929
14615847
14617503
14618367
14618441
14619160
14621402
14621967
14622404
14623907
14624250
14626167
14626908
14627828
14629973
14630099
14630618
14632554
14632885
14634236
14634656
14635521
14636999
14637936
14639431
14639518
14640624
14641464
14643267
14644260
14645032
14646729
14647525
14647551
14649300
14649474
14650512
14652144
14652779
14654028
14655524
14656733
14657104
14657601
14659373
14660355
14660885
14662663
14663087
14663722
14664672
14666990
14667472
14667885
14668618
14670446
14670787
14671021
14673768
14673979
14675065
14675409
14677608
14677624
14678624
14680105
14680136
14681071
14682012
14683119
14685484
14686943
14687672
14688330
14688523
14690069
14690315
14691724
14692800
14694226
14695468
14695586
14697241
14698261
14698505
14700001
14700807
14701504
14703091
14704145
14704912
14705111
14706264
14707896
14708997
14709756
14711174
14712342
14712617
14714504
14714550
14715735
14716491
14718086
14718470
14719708
14720336
14721516
14722072
14724052
14724597
14725967
14727929
14727951
14728573
14730372
14731829
14731960
14733646
14734517
14734762
14735849
14736819
14737906
14738982
14740318
14741963
14742480
14743539
14743780
14745406
14745683
14746280
14748225
14749462
14749975
14750560
14751877
14753210
14753472
14755450
14755459
14757320
14757619
14759485
14759825
14761133
14761306
14762927
14764519
14765501
14766396
14766924
14768978
14769355
14769630
14770977
14771479
14772747
14773390
14774447
14776187
14777183
14777891
14779819
14780029
14780774
14781753
14782136
14783917
14785738
14786563
14787624
14787833
14789967
14790362
14790839
14791177
14793120
14793439
14794054
14796121
14796783
14798110
14799509
14799643
14801790
14802203
14802756
14803118
14804770
14806447
14806947
14807502
14809544
14809724
14811168
14811965
14813109
14814803
14815578
14815890
14817012
14817833
14818514
14820381
14820772
14822150
14823773
14824191
14825024
14825357
14826362
14828072
14829900
14830542
14831643
14831799
14832099
14834522
14835651
14835667
14836795
14837968
14838866
14839601
14841440
14842660
14843150
14844937
14845626
14845723
14847321
14848484
14848739
14850585
14850948
14851519
14853564
14853911
14854517
14855115
14857394
14857516
14858829
14860032
14860361
14862545
14862790
14864238
14865758
14866797
14867005
14867538
14868039
14870061
14871288
14872319
14873625
14874250
14874955
14876546
14877554
14877811
14879198
14879484
14881741
14881801
14882009
14883885
14885749
14886750
14886758
14888631
14889463
14889472
14891181
14891696
14893217
14893493
14894774
14895700
14897732
14898126
14898665
14899632
14901590
14902123
14902630
14904312
14904894
14906361
14906907
14907517
14909749
14910781
14911135
14911723
14912433
14914319
14915655
14915681
14917289
14917775
14919381
14920082
14921190
14921487
14923040
14923698
14924762
14926278
14926745
14927947
14929521
14930753
14931017
14931061
14932561
14933853
14934699
14935928
14936686
14937893
14939676
14940165
14940800
14941089
14943686
14944562
14945303
14946027
14946205
14948259
14949605
14949630
14951308
14951879
14953576
14954399
14955568
14956013
14956080
14958629
14959528
14960837
14960915
14962407
14963257
14964306
14965211
14966268
14967447
14968874
14969281
14969766
14970200
14972981
14973027
14973283
14974625
14976417
14977066
14978973
14979433
14980226
14980609
14981202
14982876
14984393
14984921
14986465
14986832
14987601
14989428
14989849
14991215
14991948
14993809
14993922
14994758
14995946
14997446
14998575
14999415
14999872
15001416
15001701
15003005
15003189
15004313
15005135
15007083
15008609
15009028
15009351
15010967
15011608
15013248
15013921
15014405
15015998
15017186
15017617
15018488
15020917
15021163
15021221
15022965
15023153
15024047
15026206
15027203
15027789
15029146
15029806
15030643
15032036
15033178
15033300
15035642
15035805
15036148
15037124
15038976
15039359
15040864
15041051
15042783
15044257
15044909
15045216
15046931
15047605
15049915
15050640
15051273
15051329
15052452
15053125
15055790
15056054
15057190
15057287
15059526
15059722
15060847
15062108
15062391
15064423
15064442
15065284
15067212
15067357
15069204
15069377
15070459
15071569
15072451
15074827
15075652
15075706
15076909
15077663
15079086
15079305
15080201
15082560
15082577
15083718
15085993
15086019
15087721
15088577
15089252
15090380
15091007
15091164
15093600
15094805
15095463
15096019
15097246
15098367
15099389
15099987
15101272
15102552
15103164
15103886
15104473
15106095
15106725
15107632
15108357
15109617
15110584
15111032
15113526
15113752
15114201
15115681
15116581
15118572
15120000
15120323
15120356
15121043
15123884
15124533
15124798
15125569
15126375
15127400
15128271
15129216
15131305
15131991
15132110
15133829
15134493
15136684
15137792
15138313
15138563
15139275
15141180
15142027
15142676
15143242
15144528
15146008
15146136
15148046
15148680
15149114
15150597
15152539
15152680
15154645
15154701
15155686
15157178
15158162
15158765
15159976
15160865
15161759
15162575
15163391
15165724
15166398
15167266
15167925
15169406
15169493
15171250
15172120
15173617
15173815
15174953
15176431
15177021
15177369
15178900
15180654
15180950
15182095
15182209
15184737
15185854
15186352
15187292
15188798
15189676
15190015
15190495
15192166
15192994
15194101
15194201
15196747
15196957
15197512
15198577
15199435
15201199
15202928
15202940
15204012
15204396
15205623
15206767
15207976
15209096
15210498
15211194
15211250
15212353
15213440
15214783
15215344
15216678
15217530
15219012
15219958
15220345
15222456
15223758
15224338
15225267
15225426
15227326
15227636
15229404
15229674
15231047
15231216
15233964
15234721
15234822
15236241
15237616
15237724
15238332
15239880
15241419
15241961
15242685
15243847
15244223
15245968
15246744
15247376
15248583
15249254
15251181
15251754
15252322
15254207
15254947
15255665
15257298
15258463
15259494
15260333
15260821
15262983
15263253
15264300
15265779
15265874
15266443
15267206
15268305
15270342
15270575
15272227
15272306
15274553
15275141
15275189
15276254
15277009
15278770
15279109
15281403
15282423
15283597
15283890
15284867
15285016
15287066
15288159
15288835
15290758
15291030
15292428
15292452
15293239
15295778
15296180
15297677
15298784
15299266
15299668
15301053
15301224
15302573
15303505
15304731
15305324
15306578
15308573
15309862
15309882
15310169
15311917
15313458
15313588
15314471
15315861
15316816
15318799
15319522
15320278
15320539
15321935
15323202
15323554
15325818
15325927
15327555
15327882
15328330
15330732
15331543
15332767
15332902
15333545
15334285
15335410
15336039
15338308
15339677
15339935
15340295
15342427
15342670
15343765
15345627
15346164
15347850
15348256
15348566
15349812
15350338
15352116
15352907
15353344
15354685
15355558
15357270
15357396
15359207
15360333
15360793
15362150
15362875
15363831
15365415
15365973
15366262
15368677
15368681
15370551
15371348
15372791
15373433
15374695
15375655
15375978
15376840
15378162
15379391
15379942
15381548
15381617
15382396
15383364
15384060
15385593
15386055
15387816
15388824
15390517
15390659
15391420
15393339
15394007
15395035
15395037
15397643
15397744
15398295
15400327
15400873
15402911
15403760
15403819
15405340
15405716
15406194
15408456
15409158
15409214
15411203
15412283
15413384
15414547
15415548
15416592
15416996
15417885
15419123
15420087
15421264
15422299
15422669
15424011
15424684
15425572
15426702
15428692
15429070
15429871
15430776
15432841
15433719
15434559
15434797
15435290
15436492
15438689
15439573
15440205
15440634
15441503
15442151
15444210
15445487
15445896
15446260
15448198
15448468
15449390
15450659
15451704
15452098
15454093
15455585
15456701
15457130
15457132
15459739
15459803
15460851
15462501
15463438
15463448
15464938
15465733
15466692
15468097
15468579
15470069
15470255
15471619
15473256
15473917
15474931
15475750
15477454
15477991
15479174
15479758
15480911
15482892
15483452
15483810
15485029
15486319
15486765
15487424
15488594
15489828
15491207
15491506
15492886
15494212
15495746
15496787
15497184
15498846
15499518
15500086
15501952
15502450
15503462
15503830
15504836
15506043
15507086
15507286
15508523
15510184
15511359
15511940
15513140
15514193
15514595
15515002
15516376
15518695
15518952
15520357
15520750
15521860
15522722
15524686
15525811
15525873
15526107
15527841
15528956
15529415
15531680
15532507
15533075
15533966
15535909
15536423
15536492
15537986
15538389
15540688
15541215
15541373
15543896
15544002
15545835
15546926
15546929
15547315
15549012
15549764
15550263
15552573
15552791
15554182
15555625
15555706
15556346
15557442
15558701
15560291
15560694
15561116
15563108
15563909
15565490
15565719
15566424
15568236
15568679
15570419
15570738
15571200
15572442
15573623
15575579
15576944
15577119
15577138
15579727
15580188
15580688
15582480
15583645
15584182
15584914
15586519
15587486
15587676
15588869
15589054
15591606
15592149
15592534
15594711
15595215
15595818
15597528
15598842
15599237
15599677
15601315
15601318
15604000
15604590
15604754
15606088
15606650
15607448
15609274
15609898
15611140
15611563
15613292
15613578
15615515
15616446
15617042
15617882
15618272
15620177
15620934
15622656
15623341
15623773
15624995
15625185
15626604
15628089
15628766
15629749
15630431
15632310
15632784
15634178
15634279
15635059
15637425
15637915
15639003
15639983
15641614
15642205
15643690
15644156
15645600
15645995
15646661
15648895
15649147
15649468
15650271
15651139
15652681
15653044
15655069
15655701
15657332
15658481
15658613
15660480
15661393
15661435
15663099
15664831
15664997
15665189
15667476
15668108
15669544
15670765
15670870
15672262
15672356
15673996
15674965
15676522
15677238
15678810
15678827
15679903
15680464
15682152
15682371
15684473
15685260
15686282
15687191
15687786
15689335
15690551
15690891
15691857
15693095
15694025
15695751
15696055
15697125
15697774
15699140
15700023
15700716
15702562
15703917
15704961
15705438
15705497
15706163
15708731
15709094
15710134
15711315
15711475
15713287
15713298
15714808
15716052
15716803
15717601
15718945
15720712
15720826
15721950
15723208
15723868
15725217
15726534
15726934
15728203
15729335
15729463
15730505
15732912
15733617
15734229
15735214
15736521
15736955
15737803
15739819
15739857
15740072
15741567
15742058
15744785
15744831
15746535
15746625
15747651
15748205
15750960
15751078
15751953
15752062
15754830
15755094
15756258
15757257
15757986
15759680
15760171
15760849
15762670
15763281
15764037
15765612
15766241
15767060
15768741
15769122
15769368
15770801
15771345
15773235
15773643
15774308
15775039
15777645
15777954
15778853
15779616
15780454
15781683
15782802
15783615
15785672
15785901
15786554
15788750
15788790
15790388
15790912
15792544
15793227
15793929
15795400
15796980
15797785
15797809
15798489
15799300
15800103
15801011
15803072
15804287
15804995
15805772
15807321
15807876
15809082
15809401
15810195
15812912
15813434
15813919
15814154
15815763
15816678
15818896
15818900
15820983
15821225
15821738
15822349
15823035
15825816
15826357
15827128
15827159
15828503
15829129
15830395
15831748
15833037
15833483
15835123
15836436
15837638
15838219
15838772
15840251
15841369
15841849
15842527
15844563
15845517
15846393
15847003
15848504
15848808
15850595
15851234
15852643
15852944
15853791
15855212
15855704
15857666
15858538
15858780
15860301
15860884
15862127
15862222
15864426
15865461
15865760
15866510
15867519
15868212
15869451
15870806
15872430
15873138
15873232
15874777
15875404
15877070
15878011
15879753
15879784
15880744
15881085
15883546
15884207
15884610
15885562
15886196
15887255
15888741
15889471
15890443
15892383
15892889
15893276
15895242
15896320
15896706
15898875
15899938
15900690
15900807
15901189
15903244
15903948
15904059
15905160
15907726
15908119
15909058
15909382
15910661
15911064
15912784
15914489
15915486
15915899
15917660
15918095
15918863
15920526
15921184
15921658
15923966
15924120
15924932
15926066
15926664
15927116
15928689
15930353
15931600
15932252
15932656
15933987
15935684
15936930
15937091
15937188
15938181
15939935
15940473
15941090
15943155
15944044
15944415
15945389
15946734
15947383
15948877
15950057
15950373
15952066
15952501
15953766
15955169
15956277
15956429
15957322
15959588
15960020
15961356
15962035
15962130
15963264
15964548
15966024
15967464
15968057
15968070
15969735
15970827
15972061
15972209
15973614
15975852
15976408
15976478
15978253
15979137
15979304
15980068
15981440
15983819
15984138
15984268
15985888
15986143
15987039
15989419
15989695
15990381
15992673
15992850
15994822
15995295
15996592
15996790
15997173
15998779
16000277
16001275
16002955
16003134
16004077
16004678
16005357
16007116
16008931
16009491
16009625
16011391
16011797
16012339
16013997
16014735
16015955
16016310
16017718
16019269
16020058
16021405
16022570
16023752
16024647
16025025
16025693
16026428
16028492
16029151
16030638
16031274
16031962
16033701
16034149
16034892
16035422
16036479
16038678
16038707
16040071
16040832
16042428
16042876
16043984
16045131
16045230
16047537
16048465
16049481
16050251
16050572
16051630
16053881
16054344
16054677
16055235
16056965
16057060
16058047
16060545
16061583
16062119
16063442
16063898
16064494
16066548
16066914
16068423
16068676
16069487
16071747
16072006
16073711
16073864
16075340
16075443
16076657
16078328
16079264
16079955
16080257
16081545
16083526
16084615
16084681
16085225
16087035
16087320
16088437
16089452
16091732
16091923
16093058
16093424
16094081
16096290
16097620
16098801
16099570
16099882
16100516
16101782
16103041
16104083
16105593
16106295
16106839
16108948
16109910
16110214
16110643
16112515
16113447
16114482
16114720
16116835
16116843
16117082
16119517
16120903
16121703
16121817
16122249
16124776
16125225
16125994
16127255
16127483
16128760
16129121
16131441
16131775
16133501
16134696
16134851
16135616
16136930
16138429
16139883
16139994
16141304
16142084
16143973
16144215
16144401
16145231
16146070
16148829
16149675
16150197
16151410
16152101
16153363
16154143
16155217
16155268
16157384
16158711
16159886
16160856
16161393
16161968
16163534
16163561
16165859
16166326
16167024
16167335
16169451
16170513
16171522
16171699
16172981
16174051
16175168
16175757
16176995
16178228
16178676
16180510
16180790
16181440
16183828
16184049
16185939
16186979
16187014
16187592
16188367
16189796
16191941
16192233
16193568
16193996
16194021
16195229
16197345
16197580
16199087
16199613
16200754
16202378
16203082
16204125
16204977
16205870
16207054
16207107
16208292
16210105
16211449
16212250
16213279
16213482
16214949
16215326
16216500
16218342
16218660
16219584
16220505
16221080
16223237
16224677
16224722
16225702
16227407
16227736
16228625
16229890
16231010
16232830
16232889
16233180
16234412
16236045
16237839
16237855
16239341
16240992
16241358
16241675
16243771
16243954
16245543
16245993
16247595
16248370
16248655
16249714
16250641
16252079
16252187
16254076
16254293
16255962
16256192
16258315
16258402
16260992
16261086
16262661
16262703
16264187
16264290
16266477
16266716
16268955
16269893
16270030
16271198
16271562
16272551
16274098
16274608
16276206
16276265
16277995
16278912
16279196
16281311
16281431
16282695
16283379
16285063
16285418
16286590
16288447
16289224
16289270
16291910
16292958
16293054
16293864
16295192
16296236
16297585
16298700
16298837
16299683
16300968
16301047
16302645
16304062
16304436
16306868
16307718
16307827
16308443
16310170
16310396
16312076
16313846
16314622
16314665
16315770
16316061
16317685
16318806
16320344
16320629
16322798
16323690
16323911
16324390
16326326
16326681
16327109
16329235
16329414
16330898
16331946
16333292
16334915
16335185
16335832
16336703
16338006
16338324
16339097
16341373
16341984
16342773
16344587
16345210
16345897
16347569
16348805
16349820
16350112
16350653
16352221
16353940
16354180
16355260
16355584
16357364
16358536
16359733
16360992
16361060
16361919
16363391
16364658
16364927
16366628
16367514
16368684
16369436
16369616
16371126
16371853
16372219
16374871
16375270
16376128
16376515
16378467
16378558
16379440
16380841
16381722
16382142
16383111
16384918
16385787
16387068
16387967
16389232
16390341
16390778
16392421
16392596
16394680
16395713
16395847
16396994
16397747
16399129
16400656
16400703
16402512
16402948
16403960
16404247
16405753
16407892
16408907
16409407
16409665
16411351
16411352
16413167
16413690
16414343
16415334
16416531
16418086
16418491
16420640
16420830
16422096
16422155
16424773
16425203
16425737
16426241
16427797
16429096
16429890
16431313
16431676
16433148
16434512
16435169
16436964
16437514
16438428
16438510
16439873
16441134
16442145
16443355
16444052
16444457
16445800
16447479
16447678
16449538
16450488
16450789
16451594
16453173
16454184
16454559
16456091
16457659
16458172
16458476
16459719
16460421
16461817
16462636
16464145
16465313
16466450
16466825
16468968
16469019
16469272
16470888
16472914
16473413
16474489
16475854
16476156
16476379
16477485
16478240
16480997
16481053
16482827
16483144
16483819
16484624
16485183
16486350
16488118
16488792
16489251
16491067
16492820
16493812
16494553
16495054
16495063
16496046
16498699
16499130
16499762
16500264
16502979
16503356
16504687
16504972
16506609
16507421
16507585
16508792
16509006
16510271
16512645
16513845
16514341
16514825
16515707
16516102
16518818
16519103
16519281
16521224
16521867
16522748
16523842
16525307
16525345
16527092
16528482
16529870
16530488
16531751
16532088
16533003
16533246
16534960
16535080
16536517
16538426
16538518
16539590
16540892
16542478
16543198
16543647
16545325
16546081
16546348
16548029
16548679
16549003
16551320
16551966
16553401
16553485
16555213
16556314
16556820
16558089
16559574
16560869
16560978
16561959
16562180
16564928
16565283
16565964
16566693
16568990
16569612
16570931
16571324
16571437
16572158
16573802
16574796
16576177
16577282
16577348
16579820
16579888
16580714
16581225
16583832
16583867
16585668
16586920
16587103
16587257
16588181
16590861
16591504
16591841
16592788
16594680
16595112
16596344
16597120
16597635
16599224
16600439
16600932
16601925
16602621
16604794
16604995
16605566
16607538
16607951
16608527
16610611
16611447
16612643
16613196
16614884
16615101
16616071
16617377
16618556
16619495
16620327
16621921
16622333
16622357
16623813
16624221
16625540
16627370
16627688
16628743
16629742
16630489
16632032
16633204
16633610
16635209
16635349
16637328
16638065
16638907
16639745
16641534
16641738
16642859
16644197
16644530
16646347
16646775
16647354
16648349
16650455
16651684
16652696
16653043
16653242
16654592
16655474
16657646
16657727
16659628
16660070
16660421
16661949
16662134
16664647
16665882
16666113
16666264
16667483
16668849
16669741
16671330
16671693
16672279
16673762
16675158
16676002
16676090
16677879
16678049
16680560
16681447
16682821
16683211
16683993
16685086
16685575
16687161
16688597
16689664
16690065
16690918
16691614
16693673
16693987
16695957
16696079
16696239
16698010
16699477
16699817
16700142
16702617
16703524
16704206
16704721
16706418
16706803
16707761
16708575
16710566
16711584
16711680
16712795
16714375
16714567
16715351
16717247
16717854
16718639
16719228
16721807
16722140
16722789
16724341
16724373
16726264
16726635
16728648
16729121
16729667
16730943
16731195
16732056
16734167
16735177
16735760
16737392
16738141
16739231
16739876
16740437
16741293
16743467
16743829
16745464
16746658
16746896
16748606
16749606
16749852
16751172
16751243
16752461
16753068
16755839
16756140
16756885
16758314
16759597
16760840
16761026
16761919
16763348
16763537
16764477
16766687
16766819
16768536
16768581
16770172
16770485
16772049
16772689
16773401
16775126
16776698
16777275
16778284
16779710
16780225
16780553
16782074
16782394
16784360
16784854
16786459
16786876
16787569
16789452
16789672
16791116
16791211
16793657
16794803
16794965
16796106
16796262
16798713
16798773
16800799
16801070
16802727
16803218
16804703
16805275
16805497
16807091
16808088
16808122
16809666
16811072
16812755
16813659
16814393
16815697
16816140
16817034
16817366
16819467
16819521
16821976
16822052
16822105
16824388
16824521
16825454
16827291
16827638
16828706
16830089
16831067
16831322
16832559
16833813
16834604
16836153
16837043
16838488
16838760
16840932
16841890
16842431
16842918
16843501
16845352
16846762
16847111
16848619
16849349
16849904
16851076
16851181
16852229
16854813
16855453
16856379
16856979
16858660
16858845
16860089
16861186
16861344
16862680
16863540
16864710
16865768
16866384
16868943
16869365
16870359
16870529
16871460
16873160
16874261
16874654
16875147
16876565
16877159
16879038
16879926
16881693
16881960
16882686
16883247
16884216
16885928
16887532
16888021
16888494
16889103
16890354
16892020
16892396
16894091
16894566
16895825
16897026
16897338
16898990
16899426
16901178
16901789
16903682
16904330
16904977
16905359
16907015
16907203
16909680
16910127
16910822
16912076
16913043
16914766
16914873
16916673
16917866
16918567
16919323
16919500
16920101
16922733
16922997
16923566
16924471
16926777
16926842
16928766
16928906
16929093
16931925
16932655
16933869
16934981
16935992
16936162
16937185
16938747
16939134
16939624
16940913
16942339
16943702
16943906
16945459
16946449
16947906
16948369
16948704
16949854
16951565
16952297
16953676
16954452
16955731
16956515
16956952
16958020
16958927
16960432
16961163
16961450
16963821
16964619
16964989
16965141
16966340
16968120
16968383
16969389
16971289
16972244
16972407
16973907
16975559
16975764
16977204
16977396
16979257
16980947
16981122
16982732
16983437
16984615
16985734
16986511
16986956
16987549
16989400
16989437
16991054
16991817
16993506
16994200
16994667
16995342
16997292
16997379
16998478
16999941
17001297
17002469
17002599
17004550
17005809
17006386
17007941
17008531
17009496
17010530
17011016
17011913
17012012
17014450
17014463
17016517
17016748
17018002
17018603
17019053
17020073
17021890
17022856
17024249
17024902
17026879
17027324
17028341
17028353
17029878
17030374
17031507
17033011
17033287
17034882
17035312
17036907
17038339
17039156
17039373
17040252
17042983
17043000
17043170
17045551
17046339
17046995
17048224
17048458
17049619
17050005
17051281
17053656
17053803
17055155
17055757
17056381
17057988
17059913
17060938
17060961
17062351
17062923
17064086
17064998
17066383
17067171
17067950
17068218
17070095
17070981
17071738
17073734
17074615
17075586
17076498
17076677
17077776
17078017
17080229
17080808
17082189
17083558
17083864
17084058
17085715
17086356
17088257
17089667
17089741
17091921
17091977
17092378
17094029
17094506
17095740
17097195
17097307
17099481
17099595
17100506
17102928
17103363
17103527
17104785
17106790
17107989
17108805
17109706
17110203
17110487
17112047
17113125
17113860
17114885
17115120
17117438
17117914
17118336
17120361
17121144
17122293
17122439
17124031
17125165
17125979
17126504
17128561
17129649
17129795
17131933
17132628
17133757
17133790
17134740
17136698
17137880
17138026
17138342
17140453
17141116
17142036
17142544
17143418
17145382
17145464
17147805
17148935
17149561
17150136
17150298
17151318
17153247
17154901
17155435
17156126
17156641
17158708
17158994
17159079
17160832
17161614
17163085
17164663
17165931
17165931
17166756
17167175
17169264
17170045
17170356
17172102
17172173
17174114
17174576
17176182
17176704
17177302
17179005
17179078
17181129
17182411
17183543
17184678
17184883
17186045
17186490
17188384
17188672
17190982
17191234
17192216
17192365
17193028
17195178
17195713
17196679
17197923
17198899
17200503
17201525
17201902
17203186
17204779
17205482
17206043
17206774
17208679
17209115
17209532
17210952
17212391
17212733
17213491
17215046
17216013
17216292
17217280
17218001
17220424
17221939
17222064
17222698
17223644
17224620
17225889
17227336
17228335
17229556
17230810
17231731
17232725
17233351
17233616
17235362
17236320
17236836
17237108
17238633
17239202
17241633
17241863
17243022
17244171
17245517
17245860
17247686
17247699
17249161
17250173
17250918
17252352
17253320
17253410
17254097
17255185
17257893
17258094
17259690
17259737
17260342
17261137
17262647
17263786
17265141
17265936
17267586
17268146
17268864
17270096
17271333
17271974
17273007
17273474
17274550
17276464
17277726
17278579
17279270
17280046
17280057
17281922
17282382
17284047
17284597
17285305
17286472
17288973
17289134
17289240
17290870
17291662
17292276
17294052
17294387
17295537
17296343
17298188
17298726
17299502
17300489
17301273
17303046
17303856
17305403
17305849
17306216
17308009
17309202
17309872
17310293
17311836
17312439
17314593
17315199
17315809
17317634
17318776
17318992
17320038
17320796
17322245
17322511
17324180
17324922
17325271
17326593
17327441
17329617
17330184
17330222
17332641
17333857
17333956
17334468
17335969
17337114
17337831
17338172
17340358
17341564
17342132
17342571
17344540
17345025
17345894
17346635
17348381
17349237
17349270
17350509
17352468
17353613
17354386
17354860
17355725
17357019
17357876
17359766
17360502
17360856
17362649
17362695
17363753
17365191
17366624
17367383
17368144
17368523
17370709
17371168
17372424
17373246
17373981
17374260
17376856
17377053
17378364
17379302
17380806
17380921
17382224
17382745
17383061
17384678
17386662
17387222
17388040
17388101
17389885
17390411
17392234
17392300
17394060
17394345
17396774
17397283
17397659
17399492
17399687
17400278
17402120
17402998
17404094
17404782
17406529
17406561
17408168
17408203
17409610
17411387
17412682
17413006
17413865
17415422
17416665
17416695
17418776
17419446
17420479
17420762
17422165
17423068
17424400
17424772
17425647
17426867
17428145
17429146
17429318
17431529
17432243
17432547
17433943
17434556
17435143
17436274
17438540
17438776
17440380
17441475
17441597
17442886
17443185
17445315
17445978
17446881
17448058
17448340
17449752
17450842
17452442
17453881
17453936
17455493
17455792
17457953
17458419
17459029
17460681
17460965
17461271
17462798
17463719
17464231
17466883
17467582
17468406
17468907
17469953
17470534
17472428
17473005
17473295
17474696
17476566
17477157
17477170
17478249
17480300
17481267
17482166
17483150
17483684
17484841
17486058
17486862
17488248
17489054
17489860
17491153
17491696
17493901
17494282
17494812
17496749
17497210
17498783
17498932
17500088
17501006
17501072
17503695
17504184
17504487
17505243
17506198
17507279
17509052
17510175
17510503
17512376
17512904
17513333
17514017
17515011
17517509
17517857
17518997
17519321
17521004
17521059
17523213
17524710
17525398
17525725
17526304
17528918
17529417
17529676
17531793
17532321
17532991
17534664
17535659
17536405
17536429
17537227
17539212
17540828
17540889
17542011
17542697
17544379
17545562
17545603
17547298
17547299
17549063
17550146
17550815
17552610
17553125
17553555
17554580
17555770
17556461
17558542
17559196
17559279
17560225
17561535
17563493
17564256
17564408
17565063
17567388
17567720
17569393
17569685
17571966
17572481
17572915
17574679
17575182
17575223
17576793
17577308
17578158
17579626
17581919
17582121
17583288
17583820
17584107
17585598
17586118
17588341
17588516
17589256
17590540
17592514
17593112
17593317
17595310
17596540
17597231
17597689
17599691
17599857
17600933
17602215
17602409
17604281
17604531
17606864
17606932
17608254
17608504
17610164
17611491
17611505
17613261
17613333
17614058
17616913
17617375
17618211
17618737
17619581
17621336
17621961
17623519
17624482
17624856
17626567
17626968
17628606
17628985
17629855
17631065
17631991
17633177
17634826
17635045
17636492
17636772
17638046
17638917
17639914
17641864
17642763
17643002
17643817
17644895
17646306
17647957
17648513
17648524
17649081
17651641
17651740
17652262
17654017
17655088
17656272
17657446
17658666
17659105
17659159
17661154
17662128
17662386
17663521
17664655
17665381
17667128
17667267
17668349
17670296
17670720
17672532
17672759
17674926
17675681
17676869
17677085
17677142
17678080
17680061
17681165
17682478
17683204
17683558
17684560
17686147
17687174
17688740
17689593
17690524
17690776
17692111
17692889
17694635
17694988
17695167
17697552
17697990
17698064
17699377
17701026
17702747
17702856
17704466
17705202
17705999
17706241
17708235
17709232
17709341
17710786
17711705
17712305
17714521
17715440
17716058
17716551
17717945
17718194
17719211
17721958
17722910
17723351
17723809
17724888
17725428
17726565
17728621
17729441
17729482
17730192
17732062
17732824
17734009
17734611
17735725
17737118
17737348
17739550
17740287
17741648
17742201
17743109
17743985
17745333
17746644
17746828
17748262
17749470
17750309
17750320
17752168
17753150
17753226
17754451
17755729
17756753
17758930
17759366
17759948
17760798
17762013
17763435
17764101
17764956
17765745
17767488
17767651
17769025
17769537
17770912
17772672
17772926
17774114
17775734
17776124
17777096
17777399
17779404
17780019
17780822
17781866
17783029
17783835
17784971
17785969
17786009
17787643
17789795
17790114
17790835
17791860
17793073
17793404
17795748
17796578
17796874
17798106
17798475
17799251
17800940
17802389
17803003
17803192
17804211
17805708
17807775
17808873
17809528
17810348
17810573
17812482
17812975
17814088
17814547
17816458
17816572
17818684
17818712
17819805
17821131
17822919
17823530
17823857
17824944
17826034
17826081
17827344
17829040
17829885
17830401
17832239
17833542
17833590
17835114
17836043
17836575
17838259
17839418
17839530
17841226
17841776
17843591
17843705
17844632
17845223
17846447
17848237
17848434
17850298
17850366
17852581
17853736
17854962
17855437
17855655
17856921
17857085
17858614
17859647
17860458
17862781
17863295
17863701
17864703
17866557
17866938
17867169
17869256
17869886
17871153
17872909
17873186
17874656
17874897
17875898
17876736
17877252
17879357
17880281
17881469
17882941
17883362
17884860
17885182
17885297
17887116
17888555
17889079
17890316
17890570
17891478
17892353
17894157
17895081
17895494
17897042
17897369
17898032
17899523
17901543
17901860
17903399
17904078
17904570
17906287
17907200
17908288
17908914
17909267
17910806
17911435
17913820
17914212
17915122
17916430
17916666
17917562
17918866
17920276
17920935
17922625
17922771
17924809
17925399
17925518
17927077
17928031
17928264
17930212
17930526
17932610
17932724
17933341
17934173
17935574
17936056
17938964
17939382
17939627
17940857
17942217
17942739
17944688
17945384
17945411
17946844
17947516
17949040
17949049
17950258
17952022
17953195
17953520
17954055
17956450
17957166
17958335
17959411
17959606
17961501
17961902
17963563
17964067
17964911
17966878
17967294
17967653
17969620
17970854
17971647
17972804
17973208
17973854
17975379
17975397
17976786
17977194
17979203
17979899
17980061
17981661
17982822
17983945
17985233
17986097
17986857
17988343
17989623
17990715
17991283
17991332
17992420
17993947
17994119
17996476
17997876
17998574
17999064
17999955
18001241
18002498
18002936
18004083
18004096
18006085
18006403
18007792
18008341
18009915
18010701
18011040
18012446
18013553
18015645
18016425
18017974
18018200
18018898
18019892
18021139
18021605
18022300
18024481
18025151
18026033
18026040
18027936
18029247
18029681
18030397
18031894
18032824
18034815
18034981
18036205
18036534
18037802
18038444
18040960
18041375
18042551
18042557
18043496
18045430
18046049
18046155
18047028
18049696
18049915
18051695
18052087
18053482
18053523
18054227
18056892
18057857
18058219
18059718
18060080
18060382
18062352
18062359
18063154
18065163
18066960
18067077
18068338
18068435
18070414
18070427
18072864
18072870
18074030
18074122
18075379
18077788
18078109
18078360
18079515
18081022
18081189
18083363
18083433
18085389
18086496
18087452
18087603
18089851
18090695
18091117
18091572
18092592
18094276
18094821
18096674
18096696
18097123
18098125
18100295
18100468
18102345
18102829
18103146
18105097
18105423
18106237
18107778
18108833
18109096
18110458
18112300
18113132
18113497
18115404
18115609
18116090
18118501
18119429
18120023
18121173
18121918
18123083
18123385
18124106
18126665
18127712
18128809
18129469
18130955
18131381
18132278
18132307
18134890
18135862
18135941
18136991
18137853
18139838
18139898
18141951
18142285
18143051
18143630
18145027
18145984
18146580
18148254
18148984
18149220
18151338
18152991
18153406
18153924
18154158
18155047
18156361
18158372
18158885
18160147
18160321
18161506
18163293
18163559
18164563
18165526
18166620
18167530
18168996
18169193
18170670
18171094
18173050
18174677
18174896
18175233
18177331
18177910
18179158
18179582
18181415
18182499
18183090
18184460
18184921
18185966
18186654
18188411
18189682
18189737
18190662
18192398
18193624
18193787
18195131
18195606
18196604
18197307
18199279
18200160
18200181
18201617
18202208
18204254
18205245
18205762
18207150
18207465
18208421
18209004
18211360
18211690
18213672
18213754
18214181
18216366
18217306
18217416
18219392
18220736
18221390
18222549
18222627
18223306
18224958
18225148
18226725
18228906
18228975
18229416
18231761
18232467
18233887
18234314
18234633
18236171
18237018
18237186
18238287
18240953
18241357
18241458
18242944
18243106
18244475
18246425
18246682
18248676
18249208
18249721
18250764
18252566
18253310
18254331
18254883
18255331
18257053
18257475
18259397
18259700
18261106
18261803
18263194
18264134
18264268
18266966
18267799
18268650
18269264
18270306
18270522
18271757
18272656
18273811
18274422
18275650
18276169
18277531
18278522
18280367
18281015
18281591
18283882
18284800
18285798
18286759
18287181
18287669
18288257
18289428
18291794
18292271
18292960
18294343
18294344
18296380
18296622
18298590
18298860
18299034
18300403
18301729
18303491
18304240
18304910
18306279
18307179
18308596
18308939
18310035
18310919
18311543
18312890
18314171
18314448
18316194
18316958
18318443
18318972
18319019
18320578
18322295
18323711
18324765
18325299
18325764
18326190
18328768
18329528
18329990
18331072
18332062
18333190
18333289
18335315
18336067
18336179
18337789
18339634
18339770
18341394
18342621
18343252
18343893
18345084
18345609
18346221
18348403
18348636
18349907
18351172
18352330
18352576
18354483
18354741
18355204
18356991
18358629
18359243
18359850
18361490
18361657
18363188
18363879
18365827
18365941
18367866
18368498
18368814
18370125
18370268
18371307
18373279
18373640
18374095
18375233
18377495
18378880
18379516
18380637
18381262
18381632
18383622
18384018
18384754
18385510
18387774
18388382
18388973
18390340
18391309
18391361
18393833
18393965
18394313
18396370
18396990
18397302
18398624
18399597
18401265
18401492
18402846
18403748
18405048
18405624
18406384
18408050
18409236
18409842
18411747
18412263
18412931
18413570
18414293
18415885
18416750
18418473
18418978
18419804
18420573
18422561
18423101
18423283
18425635
18425770
18427008
18427493
18428485
18430122
18430477
18431309
18433298
18433672
18434708
18435365
18436184
18438372
18439260
18439624
18440882
18441746
18442100
18443236
18445299
18445534
18447583
18448990
18449592
18449671
18451868
18452208
18452871
18454045
18455967
18456303
18457049
18458369
18459023
18460484
18460752
18461065
18462096
18463802
18465503
18465625
18466681
18467435
18469978
18470924
18471607
18472208
18473029
18473084
18475550
18476047
18476961
18478004
18478647
18480283
18480720
18482556
18482740
18484020
18484801
18486019
18487619
18488592
18489318
18490239
18490576
18492542
18492899
18494201
18494795
18495938
18497782
18498966
18499433
18499532
18500258
18502405
18502483
18503361
18504297
18505898
18507945
18508177
18508198
18510345
18510565
18512319
18513342
18513558
18514089
18515717
18517556
18517812
18518614
18520895
18520927
18522489
18522942
18523444
18524988
18525623
18526155
18527987
18528429
18529995
18530974
18532240
18532442
18533259
18535169
18536034
18536846
18538005
18538099
18539271
18541093
18541344
18542798
18543610
18545793
18546646
18547980
18548162
18549873
18550395
18550658
18552140
18553500
18554877
18555945
18556739
18557502
18558277
18558637
18559322
18561416
18562641
18562925
18563313
18564819
18565392
18567462
18567733
18568541
18570148
18570455
18572502
18573806
18573933
18574862
18575196
18576993
18578220
18579188
18580624
18581324
18581712
18583137
18583806
18585236
18586574
18587642
18587733
18588100
18590214
18590986
18591091
18593508
18593573
18594449
18596485
18597225
18598047
18599417
18599889
18600418
18601641
18602123
18603942
18605332
18606124
18606730
18608863
18609577
18609734
18611868
18612419
18612640
18613826
18615992
18616628
18617010
18617581
18618100
18619723
18621222
18622858
18623376
18624236
18624470
18625239
18627622
18628332
18629269
18629834
18630830
18631517
18632055
18634052
18634739
18636929
18637082
18637323
18639099
18640518
18640869
18641457
18642785
18644123
18644250
18646439
18647183
18648347
18649940
18650772
18651663
18652276
18653543
18653986
18654124
18656722
18656767
18658231
18658612
18659921
18660585
18661691
18662251
18663154
18664116
18665182
18666037
18667633
18668932
18669604
18671610
18672586
18672939
18673571
18674467
18675824
18676774
18678253
18678443
18679107
18680121
18681315
18683055
18683489
18685683
18685811
18686430
18688544
18689904
18690342
18690360
18691542
18693559
18693893
18695823
18696523
18696662
18698298
18698489
18700003
18700674
18701559
18702166
18704953
18705076
18705097
18706388
18708154
18708917
18710091
18710599
18712028
18712775
18713051
18714819
18715550
18717563
18717984
18718424
18719538
18721225
18721410
18722777
18723524
18724009
18725749
18726544
18727435
18728594
18730230
18730812
18732920
18733095
18733644
18735724
18735757
18736932
18738657
18738724
18739482
18740575
18741276
18742411
18744785
18745449
18746150
18747090
18748786
18749818
18749848
18750418
18751157
18752523
18753051
18754131
18756824
18757621
18757621
18759988
18760041
18760865
18762307
18763537
18763698
18765389
18765824
18766903
18767540
18769346
18769657
18771166
18771361
18773254
18774426
18774632
18775687
18777606
18777770
18779763
18779785
18780633
18782045
18783305
18784827
18785862
18785944
18787352
18787688
18788208
18790121
18790642
18792070
18793542
18793913
18795070
18795915
18796116
18798376
18799638
18800760
18800990
18801541
18803365
18804695
18805904
18805960
18806782
18807741
18808328
18809786
18810367
18812145
18812776
18813512
18815315
18816242
18817899
18818283
18819578
18820629
18821541
18822492
18823214
18823231
18824435
18825636
18826712
18827485
18828164
18830588
18831014
18831251
18833648
18834242
18834373
18835492
18837869
18838340
18838888
18840703
18841164
18841698
18843556
18844175
18844402
18845098
18846098
18847500
18849165
18849970
18850501
18851718
18852341
18853337
18855180
18855197
18857023
18857599
18859891
18860231
18861441
18861527
18863498
18863805
18864896
18866743
18867012
18867374
18868410
18870670
18870871
18871063
18872153
18873814
18874046
18875468
18876753
18877243
18879235
18879413
18881552
18881779
18882777
18884429
18884494
18885023
18886932
18888838
18889478
18890264
18890681
18892564
18893481
18894176
18894445
18895601
18896862
18898447
18899434
18899655
18900077
18902128
18903049
18903893
18904861
18905891
18906073
18908478
18908912
18910028
18910362
18911874
18912729
18914429
18914674
18915011
18917327
18917853
18918452
18919636
18920352
18922647
18922915
18923531
18925020
18925504
18926818
18928619
18928882
18929626
18931005
18931168
18932978
18934637
18935150
18936604
18936997
18938452
18939349
18939530
18940583
18942085
18943751
18944217
18944726
18946973
18947420
18947524
18949658
18949946
18950254
18951220
18952674
18953982
18955908
18956335
18956583
18957164
18958528
18959756
18960947
18961770
18963909
18964272
18965104
18965251
18966544
18967427
18968260
18970798
18971619
18972281
18972578
18973858
18975094
18975564
18976155
18977643
18978662
18979078
18981860
18982690
18983108
18984142
18985122
18986496
18986507
18987582
18989981
18990633
18991783
18992817
18992966
18993279
18995673
18995975
18996088
18997830
18998101
19000912
19001774
19001928
19002907
19003487
19005061
19006413
19006559
19008578
19009293
19010282
19011200
19012355
19013298
19014751
19015957
19016610
19017117
19018626
19018628
19019613
19021864
19021934
19022066
19024395
19024414
19025415
19027293
19028188
19029221
19030586
19030793
19032015
19032297
19033619
19034814
19035273
19036541
19037151
19038046
19040956
19041328
19041414
19043382
19044578
19045195
19046694
19047090
19047131
19048806
19049129
19050383
19051150
19052715
19053806
19054619
19055302
19056483
19057822
19058435
19059999
19061663
19062676
19063125
19063130
19064269
19065086
19067055
19067124
19068830
19070284
19070899
19072174
19072942
19074058
19074759
19075869
19076305
19077816
19078663
19079298
19081292
19081384
19082903
19084628
19084816
19085474
19087008
19087901
19089712
19090771
19091160
19091973
19093151
19093307
19094126
19095725
19096822
19098590
19098886
19099800
19100073
19102001
19103193
19104672
19105025
19105239
19106399
19107522
19109308
19109560
19111658
19112413
19113090
19113552
19114307
19116918
19117507
19117783
19118892
19120685
19120863
19122632
19123326
19123760
19125082
19125112
19126769
19127574
19129166
19129592
19130653
19131577
19132475
19133891
19134754
19136455
19137507
19138146
19139304
19140550
19140695
19142744
19143589
19144819
19145063
19145555
19146593
19148821
19148960
19150924
19151552
19151596
19152563
19154094
19155098
19156451
19157071
19157821
19158293
19160384
19160609
19162984
19163617
19163997
19164714
19166284
19167189
19168160
19169599
19169892
19171842
19171990
19173461
19173556
19175369
19175665
19176715
19177963
19178408
19180558
19181300
19182862
19183672
19183988
19184938
19186259
19186345
19188309
19189607
19190364
19190378
19192175
19192486
19194945
19195678
19196225
19197101
19197695
19199378
19199677
19200667
19201440
19203299
19203525
19204874
19206537
19207055
19208753
19209407
19210914
19211134
19212377
19212786
19214775
19215761
19216711
19216779
19218179
19218974
19220366
19220482
19222167
19223301
19223617
19224616
19226267
19226830
19228140
19228737
19229454
19230390
19232307
19232905
19234314
19235935
19236375
19236982
19237987
19238163
19239441
19240709
19242093
19242164
19244247
19244589
19245488
19246222
19247101
19248396
19250347
19250931
19252513
19253021
19254848
19254931
19255877
19256860
19257065
19259242
19260045
19260878
19262247
19263595
19264404
19264634
19265135
19267667
19268142
19269797
19270115
19270173
19271815
19273728
19273843
19275586
19276117
19276638
19277457
19278030
19280834
19281059
19282214
19282503
19284317
19285255
19286095
19286399
19287444
19288552
19289684
19291463
19292429
19292881
19294802
19294852
19296008
19296746
19298749
19299518
19300327
19301042
19302021
19302454
19304026
19304897
19305957
19307064
19307483
19309688
19310399
19311562
19312320
19312334
19314034
19314410
19316556
19317879
19317900
19319361
19319518
19320473
19321525
19323212
19323627
19325211
19325923
19327313
19327748
19328666
19330499
19331380
19332113
19333797
19334358
19334805
19335895
19336322
19337146
19338627
19340677
19340894
19341983
19342869
19344121
19345393
19346354
19347156
19347968
19348879
19350085
19350413
19351290
19352889
19354437
19355476
19356129
19356417
19358649
19359323
19360700
19361309
19362389
19363336
19364378
19364494
19366645
19367178
19367373
19368880
19370184
19370285
19372559
19372607
19374037
19375642
19376237
19376901
19378837
19379046
19379952
19380421
19382380
19383333
19383496
19385091
19385988
19387747
19388531
19389486
19390000
19390964
19392267
19392976
19393217
19394976
19395481
19397615
19397685
19398149
19399801
19400911
19401951
19403538
19404227
19404442
19405245
19407432
19407476
19409743
19409823
19410572
19411972
19412837
19414722
19414910
19415286
19417799
19418932
19419929
19419952
19421302
19421922
19423613
19424054
19425103
19425106
19427635
19427853
19428211
19430316
19431099
19432877
19433655
19433871
19435738
19435874
19436920
19437169
19438279
19439159
19441192
19442490
19442630
19444875
19445840
19445969
19446579
19447349
19448364
19449931
19450126
19452941
19452999
19454257
19454952
19456246
19457384
19457713
19458667
19460109
19460922
19461223
19462629
19464811
19464895
19465536
19466520
19467333
19468141
19470369
19471193
19472485
19473990
19474275
19475731
19476404
19476835
19477153
19479020
19479029
19480855
19482353
19482992
19483909
19485026
19485198
19486267
19488435
19488439
19489259
19490418
19491232
19493548
19493573
19495576
19495819
19497801
19498079
19498196
19500246
19501138
19501205
19503442
19504432
19505619
19506254
19506438
19508993
19509313
19510390
19510445
19511776
19512398
19513501
19514611
19515247
19517734
19518113
19518416
19519319
19520650
19522063
19522590
19524820
19525448
19526912
19526969
19527237
19529794
19529888
19531780
19532050
19533578
19533872
19534108
19536625
19537714
19537833
19539289
19539896
19540992
19541248
19542569
19543719
19544205
19545210
19546636
19548072
19549880
19550328
19550398
19552199
19552397
19553870
19555071
19555390
19556248
19557766
19558008
19559184
19561280
19561331
19562290
19564174
19565636
19566976
19567446
19567915
19568191
19570943
19571215
19571556
19573200
19573402
19574191
19576142
19577000
19577397
19578316
19580450
19580727
19582941
19583367
19583987
19584671
19585546
19587486
19588655
19589151
19589992
19591180
19592130
19592217
19593365
19594144
19595816
19597926
19598154
19598894
19600824
19601360
19602161
19602676
19604234
19605243
19606528
19606749
19607275
19608711
19609480
19611209
19611753
19613469
19614526
19614661
19616038
19617054
19617712
19618177
19620440
19620753
19622340
19622945
19623321
19624353
19626248
19626506
19628359
19628387
19629526
19631821
19632141
19633245
19634253
19634750
19635004
19637873
19638168
19639028
19639797
19640250
19641124
19643755
19644432
19645186
19646109
19646133
19648193
19649631
19649757
19651022
19651395
19653574
19653665
19654531
19655077
19657421
19658289
19658600
19659679
19661898
19662474
19663099
19663241
19664203
19666098
19666414
19668221
19669391
19669466
19670493
19672524
19672834
19673535
19675529
19675589
19677874
19678407
19679583
19680348
19680626
19682790
19683514
19683714
19685266
19685872
19686638
19688139
19688802
19689281
19691130
19691334
19692278
19694092
19695463
19695821
19696402
19698104
19699509
19699731
19701054
19701259
19702889
19704140
19704814
19705053
19707054
19708917
19708935
19709035
19710499
19711435
19712909
19714390
19714415
19716244
19717241
19718515
19719480
19720049
19720534
19722610
19722975
19724103
19724733
19726161
19727316
19727747
19728891
19730618
19731481
19732240
19732711
19734454
19735289
19735715
19736930
19737707
19738555
19740458
19740964
19742784
19743483
19744157
19744608
19745628
19746388
19748840
19749997
19750596
19750803
19751215
19753276
19754043
19755468
19756532
19757037
19757835
19759070
19760748
19761510
19761630
19763075
19764319
19764803
19766570
19766922
19767473
19768546
19769181
19771792
19771888
19772793
19774217
19775828
19776207
19776747
19778027
19778322
19779541
19780083
19781915
19783744
19784784
19784995
19785564
19787993
19788437
19789649
19789725
19791745
19792049
19792748
19794110
19795623
19795669
19797495
19798403
19798444
19799007
19801219
19802856
19803104
19803455
19805473
19805947
19806930
19808153
19808390
19809031
19811691
19812097
19812389
19813277
19814821
19816187
19816323
19817072
19819447
19820637
19821704
19822043
19822086
19823590
19824298
19826557
19826674
19828022
19828719
19830198
19831314
19832068
19833441
19834731
19835119
19835815
19836968
19837351
19839932
19840491
19840718
19841301
19843659
19843661
19844056
19845412
19846646
19848018
19848616
19849596
19851658
19851782
19852267
19854757
19855524
19855912
19856057
19857717
19859657
19859912
19861997
19862920
19862925
19864454
19865084
19865576
19867376
19867745
19869508
19870216
19871663
19872314
19873031
19873257
19874653
19875710
19877588
19877801
19879119
19879339
19881644
19882009
19882558
19884268
19885112
19886787
19887571
19887661
19889822
19890556
19891581
19892604
19892797
19894427
19895084
19895988
19897686
19898255
19899076
19899925
19901696
19902062
19902806
19903657
19904016
19906212
19906662
19907270
19909011
19909349
19910946
19911812
19912771
19913697
19915107
19915639
19917763
19917877
19919576
19920172
19921554
19922287
19922614
19924513
19925658
19926288
19926831
19927415
19928627
19930605
19930696
19932470
19933682
19933799
19934630
19935919
19936680
19937513
19939787
19940821
19941434
19941529
19943416
19943964
19945430
19946469
19947388
19947844
19948655
19950741
19951523
19952433
19953658
19954459
19954870
19956233
19957038
19958942
19959644
19959986
19961364
19961994
19963352
19963955
19965732
19966621
19966692
19968500
19969098
19969872
19970301
19971650
19973785
19973943
19974549
19976503
19976840
19978298
19979552
19980067
19980922
19981401
19983049
19984965
19985378
19985748
19987936
19988008
19989358
19989606
19990272
19992395
19992807
19993788
19995633
19996013
19996777
19998920
19999680
